0 0
1.09463e+08 6.48056e+10
2.18926e+08 2.59206e+11
3.28389e+08 5.83154e+11
4.37853e+08 1.03657e+12
5.47316e+08 1.61934e+12
6.56779e+08 2.33132e+12
7.66242e+08 3.17234e+12
8.75705e+08 4.14219e+12
9.85168e+08 5.24062e+12
1.09463e+09 6.46738e+12
1.20409e+09 7.82215e+12
1.31356e+09 9.3046e+12
1.42302e+09 1.09144e+13
1.53248e+09 1.2651e+13
1.64195e+09 1.45142e+13
1.75141e+09 1.65034e+13
1.86087e+09 1.86182e+13
1.97034e+09 2.08579e+13
2.0798e+09 2.32222e+13
2.18926e+09 2.57103e+13
2.29873e+09 2.83216e+13
2.40819e+09 3.10556e+13
2.51765e+09 3.39116e+13
2.62712e+09 3.68888e+13
2.73658e+09 3.99865e+13
2.84604e+09 4.32039e+13
2.95551e+09 4.65403e+13
3.06497e+09 4.99948e+13
3.17443e+09 5.35666e+13
3.28389e+09 5.72548e+13
3.39336e+09 6.10585e+13
3.50282e+09 6.49767e+13
3.61228e+09 6.90085e+13
3.72175e+09 7.31529e+13
3.83121e+09 7.74089e+13
3.94067e+09 8.17753e+13
4.05014e+09 8.62512e+13
4.1596e+09 9.08355e+13
4.26906e+09 9.55269e+13
4.37853e+09 1.00324e+14
4.48799e+09 1.05227e+14
4.59745e+09 1.10233e+14
4.70692e+09 1.15341e+14
4.81638e+09 1.20551e+14
4.92584e+09 1.2586e+14
5.03531e+09 1.31268e+14
5.14477e+09 1.36773e+14
5.25423e+09 1.42374e+14
5.36369e+09 1.4807e+14
5.47316e+09 1.53858e+14
5.58262e+09 1.59739e+14
5.69208e+09 1.65709e+14
5.80155e+09 1.71768e+14
5.91101e+09 1.77915e+14
6.02047e+09 1.84147e+14
6.12994e+09 1.90463e+14
6.2394e+09 1.96862e+14
6.34886e+09 2.03342e+14
6.45833e+09 2.09901e+14
6.56779e+09 2.16539e+14
6.67725e+09 2.23252e+14
6.78672e+09 2.3004e+14
6.89618e+09 2.36901e+14
7.00564e+09 2.43833e+14
7.11511e+09 2.50834e+14
7.22457e+09 2.57903e+14
7.33403e+09 2.65038e+14
7.44349e+09 2.72237e+14
7.55296e+09 2.79499e+14
7.66242e+09 2.86822e+14
7.77188e+09 2.94203e+14
7.88135e+09 3.01641e+14
7.99081e+09 3.09135e+14
8.10027e+09 3.16681e+14
8.20974e+09 3.2428e+14
8.3192e+09 3.31927e+14
8.42866e+09 3.39623e+14
8.53813e+09 3.47364e+14
8.64759e+09 3.5515e+14
8.75705e+09 3.62977e+14
8.86652e+09 3.70844e+14
8.97598e+09 3.7875e+14
9.08544e+09 3.86691e+14
9.19491e+09 3.94667e+14
9.30437e+09 4.02675e+14
9.41383e+09 4.10713e+14
9.52329e+09 4.1878e+14
9.63276e+09 4.26873e+14
9.74222e+09 4.3499e+14
9.85168e+09 4.43129e+14
9.96115e+09 4.51289e+14
1.00706e+10 4.59467e+14
1.01801e+10 4.67661e+14
1.02895e+10 4.7587e+14
1.0399e+10 4.8409e+14
1.05085e+10 4.92321e+14
1.06179e+10 5.0056e+14
1.07274e+10 5.08805e+14
1.08369e+10 5.17054e+14
