0 0
1.09463e+08 1.03257e+13
2.18926e+08 2.06463e+13
3.28389e+08 3.09568e+13
4.37853e+08 4.1252e+13
5.47316e+08 5.15268e+13
6.56779e+08 6.17763e+13
7.66242e+08 7.19955e+13
8.75705e+08 8.21793e+13
9.85168e+08 9.23228e+13
1.09463e+09 1.02421e+14
1.20409e+09 1.1247e+14
1.31356e+09 1.22463e+14
1.42302e+09 1.32398e+14
1.53248e+09 1.42268e+14
1.64195e+09 1.52069e+14
1.75141e+09 1.61797e+14
1.86087e+09 1.71448e+14
1.97034e+09 1.81017e+14
2.0798e+09 1.90499e+14
2.18926e+09 1.99891e+14
2.29873e+09 2.0919e+14
2.40819e+09 2.18389e+14
2.51765e+09 2.27487e+14
2.62712e+09 2.3648e+14
2.73658e+09 2.45363e+14
2.84604e+09 2.54133e+14
2.95551e+09 2.62787e+14
3.06497e+09 2.71322e+14
3.17443e+09 2.79735e+14
3.28389e+09 2.88023e+14
3.39336e+09 2.96183e+14
3.50282e+09 3.04212e+14
3.61228e+09 3.12109e+14
3.72175e+09 3.1987e+14
3.83121e+09 3.27494e+14
3.94067e+09 3.34978e+14
4.05014e+09 3.42321e+14
4.1596e+09 3.4952e+14
4.26906e+09 3.56576e+14
4.37853e+09 3.63485e+14
4.48799e+09 3.70247e+14
4.59745e+09 3.76861e+14
4.70692e+09 3.83325e+14
4.81638e+09 3.8964e+14
4.92584e+09 3.95804e+14
5.03531e+09 4.01817e+14
5.14477e+09 4.07678e+14
5.25423e+09 4.13389e+14
5.36369e+09 4.18948e+14
5.47316e+09 4.24356e+14
5.58262e+09 4.29614e+14
5.69208e+09 4.34721e+14
5.80155e+09 4.39678e+14
5.91101e+09 4.44487e+14
6.02047e+09 4.49147e+14
6.12994e+09 4.53661e+14
6.2394e+09 4.58029e+14
6.34886e+09 4.62253e+14
6.45833e+09 4.66334e+14
6.56779e+09 4.70273e+14
6.67725e+09 4.74073e+14
6.78672e+09 4.77735e+14
6.89618e+09 4.81261e+14
7.00564e+09 4.84652e+14
7.11511e+09 4.87912e+14
7.22457e+09 4.91042e+14
7.33403e+09 4.94044e+14
7.44349e+09 4.96921e+14
7.55296e+09 4.99675e+14
7.66242e+09 5.02308e+14
7.77188e+09 5.04822e+14
7.88135e+09 5.07222e+14
7.99081e+09 5.09507e+14
8.10027e+09 5.11682e+14
8.20974e+09 5.13749e+14
8.3192e+09 5.1571e+14
8.42866e+09 5.17568e+14
8.53813e+09 5.19325e+14
8.64759e+09 5.20983e+14
8.75705e+09 5.22546e+14
8.86652e+09 5.24016e+14
8.97598e+09 5.25394e+14
9.08544e+09 5.26684e+14
9.19491e+09 5.27887e+14
9.30437e+09 5.29005e+14
9.41383e+09 5.30041e+14
9.52329e+09 5.30996e+14
9.63276e+09 5.31873e+14
9.74222e+09 5.32673e+14
9.85168e+09 5.33398e+14
9.96115e+09 5.34049e+14
1.00706e+10 5.34628e+14
1.01801e+10 5.35135e+14
1.02895e+10 5.35573e+14
1.0399e+10 5.35941e+14
1.05085e+10 5.36241e+14
1.06179e+10 5.36474e+14
1.07274e+10 5.3664e+14
1.08369e+10 5.3674e+14
