0 0
4.36979e+07 4.02037e+08
8.73957e+07 1.60813e+09
1.31094e+08 3.61824e+09
1.74791e+08 6.43228e+09
2.18489e+08 1.00501e+10
2.62187e+08 1.44717e+10
3.05885e+08 1.96967e+10
3.49583e+08 2.5725e+10
3.93281e+08 3.25564e+10
4.36979e+08 4.01906e+10
4.80677e+08 4.86273e+10
5.24374e+08 5.78661e+10
5.68072e+08 6.79067e+10
6.1177e+08 7.87488e+10
6.55468e+08 9.03917e+10
6.99166e+08 1.02835e+11
7.42864e+08 1.16079e+11
7.86562e+08 1.30122e+11
8.30259e+08 1.44964e+11
8.73957e+08 1.60604e+11
9.17655e+08 1.77042e+11
9.61353e+08 1.94277e+11
1.00505e+09 2.12309e+11
1.04875e+09 2.31136e+11
1.09245e+09 2.50758e+11
1.13614e+09 2.71174e+11
1.17984e+09 2.92384e+11
1.22354e+09 3.14386e+11
1.26724e+09 3.3718e+11
1.31094e+09 3.60765e+11
1.35463e+09 3.85139e+11
1.39833e+09 4.10302e+11
1.44203e+09 4.36254e+11
1.48573e+09 4.62992e+11
1.52943e+09 4.90516e+11
1.57312e+09 5.18824e+11
1.61682e+09 5.47916e+11
1.66052e+09 5.77791e+11
1.70422e+09 6.08447e+11
1.74791e+09 6.39883e+11
1.79161e+09 6.72098e+11
1.83531e+09 7.0509e+11
1.87901e+09 7.38858e+11
1.92271e+09 7.73402e+11
1.9664e+09 8.08719e+11
2.0101e+09 8.44808e+11
2.0538e+09 8.81668e+11
2.0975e+09 9.19297e+11
2.1412e+09 9.57694e+11
2.18489e+09 9.96857e+11
2.22859e+09 1.03678e+12
2.27229e+09 1.07748e+12
2.31599e+09 1.11893e+12
2.35968e+09 1.16114e+12
2.40338e+09 1.20411e+12
2.44708e+09 1.24784e+12
2.49078e+09 1.29232e+12
2.53448e+09 1.33756e+12
2.57817e+09 1.38354e+12
2.62187e+09 1.43028e+12
2.66557e+09 1.47776e+12
2.70927e+09 1.52599e+12
2.75297e+09 1.57496e+12
2.79666e+09 1.62468e+12
2.84036e+09 1.67513e+12
2.88406e+09 1.72633e+12
2.92776e+09 1.77825e+12
2.97146e+09 1.83092e+12
3.01515e+09 1.88431e+12
3.05885e+09 1.93844e+12
3.10255e+09 1.99329e+12
3.14625e+09 2.04886e+12
3.18994e+09 2.10516e+12
3.23364e+09 2.16219e+12
3.27734e+09 2.21993e+12
3.32104e+09 2.27838e+12
3.36474e+09 2.33755e+12
3.40843e+09 2.39743e+12
3.45213e+09 2.45803e+12
3.49583e+09 2.51932e+12
3.53953e+09 2.58133e+12
3.58323e+09 2.64403e+12
3.62692e+09 2.70744e+12
3.67062e+09 2.77154e+12
3.71432e+09 2.83634e+12
3.75802e+09 2.90183e+12
3.80171e+09 2.96801e+12
3.84541e+09 3.03487e+12
3.88911e+09 3.10242e+12
3.93281e+09 3.17065e+12
3.97651e+09 3.23956e+12
4.0202e+09 3.30915e+12
4.0639e+09 3.37941e+12
4.1076e+09 3.45034e+12
4.1513e+09 3.52194e+12
4.195e+09 3.5942e+12
4.23869e+09 3.66713e+12
4.28239e+09 3.74071e+12
4.32609e+09 3.81495e+12
4.36979e+09 3.88985e+12
4.41348e+09 3.96539e+12
4.45718e+09 4.04159e+12
4.50088e+09 4.11842e+12
4.54458e+09 4.1959e+12
4.58828e+09 4.27402e+12
4.63197e+09 4.35277e+12
4.67567e+09 4.43216e+12
4.71937e+09 4.51217e+12
4.76307e+09 4.59281e+12
4.80677e+09 4.67407e+12
4.85046e+09 4.75596e+12
4.89416e+09 4.83845e+12
4.93786e+09 4.92157e+12
4.98156e+09 5.00529e+12
5.02525e+09 5.08962e+12
5.06895e+09 5.17455e+12
5.11265e+09 5.26008e+12
5.15635e+09 5.3462e+12
5.20005e+09 5.43292e+12
5.24374e+09 5.52023e+12
5.28744e+09 5.60813e+12
5.33114e+09 5.69661e+12
5.37484e+09 5.78567e+12
5.41854e+09 5.8753e+12
5.46223e+09 5.96551e+12
5.50593e+09 6.05628e+12
5.54963e+09 6.14762e+12
5.59333e+09 6.23952e+12
5.63702e+09 6.33198e+12
5.68072e+09 6.42499e+12
5.72442e+09 6.51855e+12
5.76812e+09 6.61266e+12
5.81182e+09 6.70731e+12
5.85551e+09 6.80251e+12
5.89921e+09 6.89823e+12
5.94291e+09 6.99449e+12
5.98661e+09 7.09128e+12
6.03031e+09 7.18859e+12
6.074e+09 7.28642e+12
6.1177e+09 7.38477e+12
6.1614e+09 7.48363e+12
6.2051e+09 7.583e+12
6.2488e+09 7.68287e+12
6.29249e+09 7.78325e+12
6.33619e+09 7.88412e+12
6.37989e+09 7.98548e+12
6.42359e+09 8.08734e+12
6.46728e+09 8.18967e+12
6.51098e+09 8.29249e+12
6.55468e+09 8.39579e+12
6.59838e+09 8.49956e+12
6.64208e+09 8.60379e+12
6.68577e+09 8.70849e+12
6.72947e+09 8.81365e+12
6.77317e+09 8.91927e+12
6.81687e+09 9.02534e+12
6.86057e+09 9.13186e+12
6.90426e+09 9.23882e+12
6.94796e+09 9.34622e+12
6.99166e+09 9.45405e+12
7.03536e+09 9.56232e+12
7.07905e+09 9.67101e+12
7.12275e+09 9.78012e+12
7.16645e+09 9.88966e+12
7.21015e+09 9.9996e+12
7.25385e+09 1.011e+13
7.29754e+09 1.02207e+13
7.34124e+09 1.03319e+13
7.38494e+09 1.04434e+13
7.42864e+09 1.05554e+13
7.47234e+09 1.06677e+13
7.51603e+09 1.07804e+13
7.55973e+09 1.08935e+13
7.60343e+09 1.1007e+13
7.64713e+09 1.11209e+13
7.69082e+09 1.12351e+13
7.73452e+09 1.13496e+13
7.77822e+09 1.14646e+13
7.82192e+09 1.15798e+13
7.86562e+09 1.16954e+13
7.90931e+09 1.18114e+13
7.95301e+09 1.19277e+13
7.99671e+09 1.20443e+13
8.04041e+09 1.21613e+13
8.08411e+09 1.22786e+13
8.1278e+09 1.23962e+13
8.1715e+09 1.25141e+13
8.2152e+09 1.26324e+13
8.2589e+09 1.27509e+13
8.30259e+09 1.28697e+13
8.34629e+09 1.29889e+13
8.38999e+09 1.31083e+13
8.43369e+09 1.3228e+13
8.47739e+09 1.3348e+13
8.52108e+09 1.34683e+13
8.56478e+09 1.35888e+13
8.60848e+09 1.37096e+13
8.65218e+09 1.38307e+13
8.69588e+09 1.3952e+13
8.73957e+09 1.40736e+13
8.78327e+09 1.41954e+13
8.82697e+09 1.43175e+13
8.87067e+09 1.44398e+13
8.91437e+09 1.45624e+13
8.95806e+09 1.46852e+13
9.00176e+09 1.48082e+13
9.04546e+09 1.49314e+13
9.08916e+09 1.50548e+13
9.13285e+09 1.51785e+13
9.17655e+09 1.53023e+13
9.22025e+09 1.54264e+13
9.26395e+09 1.55506e+13
9.30765e+09 1.56751e+13
9.35134e+09 1.57997e+13
9.39504e+09 1.59245e+13
9.43874e+09 1.60495e+13
9.48244e+09 1.61746e+13
9.52614e+09 1.62999e+13
9.56983e+09 1.64254e+13
9.61353e+09 1.6551e+13
9.65723e+09 1.66768e+13
9.70093e+09 1.68027e+13
9.74462e+09 1.69288e+13
9.78832e+09 1.7055e+13
9.83202e+09 1.71813e+13
9.87572e+09 1.73078e+13
9.91942e+09 1.74344e+13
9.96311e+09 1.75611e+13
1.00068e+10 1.76879e+13
1.00505e+10 1.78148e+13
1.00942e+10 1.79418e+13
1.01379e+10 1.80689e+13
1.01816e+10 1.81961e+13
1.02253e+10 1.83234e+13
1.0269e+10 1.84508e+13
1.03127e+10 1.85782e+13
1.03564e+10 1.87057e+13
1.04001e+10 1.88333e+13
1.04438e+10 1.89609e+13
1.04875e+10 1.90886e+13
1.05312e+10 1.92164e+13
1.05749e+10 1.93442e+13
1.06186e+10 1.9472e+13
1.06623e+10 1.95999e+13
1.0706e+10 1.97278e+13
1.07497e+10 1.98557e+13
1.07934e+10 1.99836e+13
1.08371e+10 2.01116e+13
1.08808e+10 2.02395e+13
1.09245e+10 2.03675e+13
1.09682e+10 2.04955e+13
1.10119e+10 2.06234e+13
1.10556e+10 2.07514e+13
1.10993e+10 2.08793e+13
1.1143e+10 2.10073e+13
1.11867e+10 2.11352e+13
1.12304e+10 2.1263e+13
1.1274e+10 2.13909e+13
1.13177e+10 2.15187e+13
1.13614e+10 2.16464e+13
1.14051e+10 2.17741e+13
1.14488e+10 2.19017e+13
1.14925e+10 2.20293e+13
1.15362e+10 2.21568e+13
1.15799e+10 2.22843e+13
1.16236e+10 2.24116e+13
1.16673e+10 2.25389e+13
1.1711e+10 2.26661e+13
1.17547e+10 2.27932e+13
1.17984e+10 2.29202e+13
1.18421e+10 2.30471e+13
1.18858e+10 2.3174e+13
1.19295e+10 2.33007e+13
1.19732e+10 2.34272e+13
1.20169e+10 2.35537e+13
1.20606e+10 2.368e+13
1.21043e+10 2.38062e+13
1.2148e+10 2.39323e+13
1.21917e+10 2.40582e+13
1.22354e+10 2.4184e+13
1.22791e+10 2.43096e+13
1.23228e+10 2.44351e+13
1.23665e+10 2.45604e+13
1.24102e+10 2.46856e+13
1.24539e+10 2.48105e+13
1.24976e+10 2.49353e+13
1.25413e+10 2.506e+13
1.2585e+10 2.51844e+13
1.26287e+10 2.53087e+13
1.26724e+10 2.54327e+13
1.27161e+10 2.55566e+13
1.27598e+10 2.56802e+13
1.28035e+10 2.58036e+13
1.28472e+10 2.59269e+13
1.28909e+10 2.60499e+13
1.29346e+10 2.61726e+13
1.29783e+10 2.62952e+13
1.3022e+10 2.64175e+13
1.30657e+10 2.65396e+13
1.31094e+10 2.66614e+13
1.31531e+10 2.6783e+13
1.31968e+10 2.69043e+13
1.32405e+10 2.70254e+13
1.32842e+10 2.71462e+13
1.33278e+10 2.72668e+13
1.33715e+10 2.7387e+13
1.34152e+10 2.7507e+13
1.34589e+10 2.76267e+13
1.35026e+10 2.77462e+13
1.35463e+10 2.78653e+13
1.359e+10 2.79841e+13
1.36337e+10 2.81027e+13
1.36774e+10 2.82209e+13
1.37211e+10 2.83388e+13
1.37648e+10 2.84564e+13
1.38085e+10 2.85737e+13
1.38522e+10 2.86907e+13
1.38959e+10 2.88073e+13
1.39396e+10 2.89236e+13
1.39833e+10 2.90396e+13
1.4027e+10 2.91552e+13
1.40707e+10 2.92705e+13
1.41144e+10 2.93854e+13
1.41581e+10 2.95e+13
1.42018e+10 2.96142e+13
1.42455e+10 2.9728e+13
1.42892e+10 2.98415e+13
1.43329e+10 2.99546e+13
1.43766e+10 3.00673e+13
1.44203e+10 3.01796e+13
1.4464e+10 3.02916e+13
1.45077e+10 3.04031e+13
1.45514e+10 3.05143e+13
1.45951e+10 3.06251e+13
1.46388e+10 3.07354e+13
1.46825e+10 3.08454e+13
1.47262e+10 3.09549e+13
1.47699e+10 3.1064e+13
1.48136e+10 3.11727e+13
1.48573e+10 3.1281e+13
1.4901e+10 3.13888e+13
1.49447e+10 3.14962e+13
1.49884e+10 3.16032e+13
1.50321e+10 3.17097e+13
1.50758e+10 3.18157e+13
1.51195e+10 3.19214e+13
1.51632e+10 3.20265e+13
1.52069e+10 3.21312e+13
1.52506e+10 3.22355e+13
1.52943e+10 3.23392e+13
1.5338e+10 3.24425e+13
1.53816e+10 3.25453e+13
1.54253e+10 3.26477e+13
1.5469e+10 3.27495e+13
1.55127e+10 3.28509e+13
1.55564e+10 3.29518e+13
1.56001e+10 3.30521e+13
1.56438e+10 3.3152e+13
1.56875e+10 3.32514e+13
1.57312e+10 3.33502e+13
1.57749e+10 3.34486e+13
1.58186e+10 3.35464e+13
1.58623e+10 3.36437e+13
1.5906e+10 3.37405e+13
1.59497e+10 3.38368e+13
1.59934e+10 3.39325e+13
1.60371e+10 3.40277e+13
1.60808e+10 3.41224e+13
1.61245e+10 3.42165e+13
1.61682e+10 3.431e+13
1.62119e+10 3.4403e+13
1.62556e+10 3.44955e+13
1.62993e+10 3.45874e+13
1.6343e+10 3.46787e+13
1.63867e+10 3.47695e+13
1.64304e+10 3.48597e+13
1.64741e+10 3.49494e+13
1.65178e+10 3.50384e+13
1.65615e+10 3.51269e+13
1.66052e+10 3.52148e+13
1.66489e+10 3.53021e+13
1.66926e+10 3.53888e+13
1.67363e+10 3.54749e+13
1.678e+10 3.55605e+13
1.68237e+10 3.56454e+13
1.68674e+10 3.57297e+13
1.69111e+10 3.58135e+13
1.69548e+10 3.58966e+13
1.69985e+10 3.59791e+13
1.70422e+10 3.60609e+13
1.70859e+10 3.61422e+13
1.71296e+10 3.62228e+13
1.71733e+10 3.63029e+13
1.7217e+10 3.63822e+13
1.72607e+10 3.6461e+13
1.73044e+10 3.65391e+13
1.73481e+10 3.66166e+13
1.73918e+10 3.66934e+13
1.74354e+10 3.67696e+13
1.74791e+10 3.68452e+13
1.75228e+10 3.69201e+13
1.75665e+10 3.69943e+13
1.76102e+10 3.70679e+13
1.76539e+10 3.71408e+13
1.76976e+10 3.72131e+13
1.77413e+10 3.72847e+13
1.7785e+10 3.73556e+13
1.78287e+10 3.74259e+13
1.78724e+10 3.74955e+13
1.79161e+10 3.75644e+13
1.79598e+10 3.76326e+13
1.80035e+10 3.77001e+13
1.80472e+10 3.7767e+13
1.80909e+10 3.78332e+13
1.81346e+10 3.78987e+13
1.81783e+10 3.79635e+13
1.8222e+10 3.80276e+13
1.82657e+10 3.8091e+13
1.83094e+10 3.81537e+13
1.83531e+10 3.82157e+13
1.83968e+10 3.8277e+13
1.84405e+10 3.83376e+13
1.84842e+10 3.83975e+13
1.85279e+10 3.84566e+13
1.85716e+10 3.85151e+13
1.86153e+10 3.85728e+13
1.8659e+10 3.86299e+13
1.87027e+10 3.86862e+13
1.87464e+10 3.87417e+13
1.87901e+10 3.87966e+13
1.88338e+10 3.88507e+13
1.88775e+10 3.89041e+13
1.89212e+10 3.89568e+13
1.89649e+10 3.90087e+13
1.90086e+10 3.90599e+13
1.90523e+10 3.91103e+13
1.9096e+10 3.91601e+13
1.91397e+10 3.9209e+13
1.91834e+10 3.92573e+13
1.92271e+10 3.93047e+13
1.92708e+10 3.93515e+13
1.93145e+10 3.93975e+13
1.93582e+10 3.94427e+13
1.94019e+10 3.94872e+13
1.94456e+10 3.95309e+13
1.94892e+10 3.95739e+13
1.95329e+10 3.96161e+13
1.95766e+10 3.96575e+13
1.96203e+10 3.96982e+13
1.9664e+10 3.97382e+13
1.97077e+10 3.97773e+13
1.97514e+10 3.98157e+13
1.97951e+10 3.98534e+13
1.98388e+10 3.98902e+13
1.98825e+10 3.99263e+13
1.99262e+10 3.99616e+13
1.99699e+10 3.99962e+13
2.00136e+10 4.00299e+13
2.00573e+10 4.00629e+13
2.0101e+10 4.00951e+13
2.01447e+10 4.01266e+13
2.01884e+10 4.01572e+13
2.02321e+10 4.01871e+13
2.02758e+10 4.02162e+13
2.03195e+10 4.02445e+13
2.03632e+10 4.0272e+13
2.04069e+10 4.02988e+13
2.04506e+10 4.03247e+13
2.04943e+10 4.03499e+13
2.0538e+10 4.03743e+13
2.05817e+10 4.03978e+13
2.06254e+10 4.04206e+13
2.06691e+10 4.04426e+13
2.07128e+10 4.04638e+13
2.07565e+10 4.04843e+13
2.08002e+10 4.05039e+13
2.08439e+10 4.05227e+13
2.08876e+10 4.05407e+13
2.09313e+10 4.0558e+13
2.0975e+10 4.05744e+13
2.10187e+10 4.05901e+13
2.10624e+10 4.06049e+13
2.11061e+10 4.06189e+13
2.11498e+10 4.06322e+13
2.11935e+10 4.06446e+13
2.12372e+10 4.06563e+13
2.12809e+10 4.06671e+13
2.13246e+10 4.06772e+13
2.13683e+10 4.06864e+13
2.1412e+10 4.06948e+13
2.14557e+10 4.07025e+13
2.14994e+10 4.07093e+13
2.1543e+10 4.07153e+13
2.15867e+10 4.07205e+13
2.16304e+10 4.0725e+13
2.16741e+10 4.07286e+13
2.17178e+10 4.07314e+13
2.17615e+10 4.07334e+13
2.18052e+10 4.07346e+13
2.18489e+10 4.0735e+13
