0 0
4.36979e+07 4.75436e+08
8.73957e+07 1.90173e+09
1.31094e+08 4.27881e+09
1.74791e+08 7.6066e+09
2.18489e+08 1.1885e+10
2.62187e+08 1.71137e+10
3.05885e+08 2.32927e+10
3.49583e+08 3.04216e+10
3.93281e+08 3.85002e+10
4.36979e+08 4.75281e+10
4.80677e+08 5.7505e+10
5.24374e+08 6.84306e+10
5.68072e+08 8.03043e+10
6.1177e+08 9.31257e+10
6.55468e+08 1.06894e+11
6.99166e+08 1.2161e+11
7.42864e+08 1.37271e+11
7.86562e+08 1.53878e+11
8.30259e+08 1.71429e+11
8.73957e+08 1.89925e+11
9.17655e+08 2.09364e+11
9.61353e+08 2.29746e+11
1.00505e+09 2.51069e+11
1.04875e+09 2.73333e+11
1.09245e+09 2.96538e+11
1.13614e+09 3.20682e+11
1.17984e+09 3.45764e+11
1.22354e+09 3.71783e+11
1.26724e+09 3.98738e+11
1.31094e+09 4.26628e+11
1.35463e+09 4.55453e+11
1.39833e+09 4.8521e+11
1.44203e+09 5.15899e+11
1.48573e+09 5.47519e+11
1.52943e+09 5.80068e+11
1.57312e+09 6.13544e+11
1.61682e+09 6.47948e+11
1.66052e+09 6.83277e+11
1.70422e+09 7.19529e+11
1.74791e+09 7.56704e+11
1.79161e+09 7.948e+11
1.83531e+09 8.33816e+11
1.87901e+09 8.7375e+11
1.92271e+09 9.14599e+11
1.9664e+09 9.56364e+11
2.0101e+09 9.99042e+11
2.0538e+09 1.04263e+12
2.0975e+09 1.08713e+12
2.1412e+09 1.13254e+12
2.18489e+09 1.17885e+12
2.22859e+09 1.22607e+12
2.27229e+09 1.27419e+12
2.31599e+09 1.32321e+12
2.35968e+09 1.37313e+12
2.40338e+09 1.42394e+12
2.44708e+09 1.47565e+12
2.49078e+09 1.52826e+12
2.53448e+09 1.58175e+12
2.57817e+09 1.63613e+12
2.62187e+09 1.6914e+12
2.66557e+09 1.74755e+12
2.70927e+09 1.80459e+12
2.75297e+09 1.8625e+12
2.79666e+09 1.92129e+12
2.84036e+09 1.98096e+12
2.88406e+09 2.0415e+12
2.92776e+09 2.10291e+12
2.97146e+09 2.16518e+12
3.01515e+09 2.22833e+12
3.05885e+09 2.29233e+12
3.10255e+09 2.3572e+12
3.14625e+09 2.42292e+12
3.18994e+09 2.4895e+12
3.23364e+09 2.55693e+12
3.27734e+09 2.62521e+12
3.32104e+09 2.69434e+12
3.36474e+09 2.76431e+12
3.40843e+09 2.83513e+12
3.45213e+09 2.90678e+12
3.49583e+09 2.97927e+12
3.53953e+09 3.05259e+12
3.58323e+09 3.12675e+12
3.62692e+09 3.20173e+12
3.67062e+09 3.27753e+12
3.71432e+09 3.35416e+12
3.75802e+09 3.43161e+12
3.80171e+09 3.50987e+12
3.84541e+09 3.58894e+12
3.88911e+09 3.66882e+12
3.93281e+09 3.74951e+12
3.97651e+09 3.831e+12
4.0202e+09 3.91329e+12
4.0639e+09 3.99638e+12
4.1076e+09 4.08026e+12
4.1513e+09 4.16493e+12
4.195e+09 4.25038e+12
4.23869e+09 4.33662e+12
4.28239e+09 4.42364e+12
4.32609e+09 4.51144e+12
4.36979e+09 4.60001e+12
4.41348e+09 4.68934e+12
4.45718e+09 4.77945e+12
4.50088e+09 4.87031e+12
4.54458e+09 4.96194e+12
4.58828e+09 5.05432e+12
4.63197e+09 5.14745e+12
4.67567e+09 5.24132e+12
4.71937e+09 5.33595e+12
4.76307e+09 5.43131e+12
4.80677e+09 5.52741e+12
4.85046e+09 5.62424e+12
4.89416e+09 5.7218e+12
4.93786e+09 5.82008e+12
4.98156e+09 5.91909e+12
5.02525e+09 6.01881e+12
5.06895e+09 6.11925e+12
5.11265e+09 6.22039e+12
5.15635e+09 6.32225e+12
5.20005e+09 6.4248e+12
5.24374e+09 6.52805e+12
5.28744e+09 6.63199e+12
5.33114e+09 6.73662e+12
5.37484e+09 6.84194e+12
5.41854e+09 6.94794e+12
5.46223e+09 7.05461e+12
5.50593e+09 7.16196e+12
5.54963e+09 7.26997e+12
5.59333e+09 7.37865e+12
5.63702e+09 7.48799e+12
5.68072e+09 7.59798e+12
5.72442e+09 7.70863e+12
5.76812e+09 7.81992e+12
5.81182e+09 7.93185e+12
5.85551e+09 8.04442e+12
5.89921e+09 8.15762e+12
5.94291e+09 8.27146e+12
5.98661e+09 8.38591e+12
6.03031e+09 8.50099e+12
6.074e+09 8.61668e+12
6.1177e+09 8.73299e+12
6.1614e+09 8.8499e+12
6.2051e+09 8.96741e+12
6.2488e+09 9.08551e+12
6.29249e+09 9.20421e+12
6.33619e+09 9.3235e+12
6.37989e+09 9.44337e+12
6.42359e+09 9.56382e+12
6.46728e+09 9.68484e+12
6.51098e+09 9.80643e+12
6.55468e+09 9.92858e+12
6.59838e+09 1.00513e+13
6.64208e+09 1.01746e+13
6.68577e+09 1.02984e+13
6.72947e+09 1.04227e+13
6.77317e+09 1.05476e+13
6.81687e+09 1.06731e+13
6.86057e+09 1.0799e+13
6.90426e+09 1.09255e+13
6.94796e+09 1.10525e+13
6.99166e+09 1.11801e+13
7.03536e+09 1.13081e+13
7.07905e+09 1.14366e+13
7.12275e+09 1.15657e+13
7.16645e+09 1.16952e+13
7.21015e+09 1.18252e+13
7.25385e+09 1.19557e+13
7.29754e+09 1.20867e+13
7.34124e+09 1.22181e+13
7.38494e+09 1.23501e+13
7.42864e+09 1.24825e+13
7.47234e+09 1.26153e+13
7.51603e+09 1.27486e+13
7.55973e+09 1.28823e+13
7.60343e+09 1.30165e+13
7.64713e+09 1.31512e+13
7.69082e+09 1.32862e+13
7.73452e+09 1.34217e+13
7.77822e+09 1.35576e+13
7.82192e+09 1.36939e+13
7.86562e+09 1.38306e+13
7.90931e+09 1.39678e+13
7.95301e+09 1.41053e+13
7.99671e+09 1.42432e+13
8.04041e+09 1.43816e+13
8.08411e+09 1.45203e+13
8.1278e+09 1.46593e+13
8.1715e+09 1.47988e+13
8.2152e+09 1.49386e+13
8.2589e+09 1.50788e+13
8.30259e+09 1.52193e+13
8.34629e+09 1.53602e+13
8.38999e+09 1.55014e+13
8.43369e+09 1.5643e+13
8.47739e+09 1.57849e+13
8.52108e+09 1.59271e+13
8.56478e+09 1.60697e+13
8.60848e+09 1.62125e+13
8.65218e+09 1.63557e+13
8.69588e+09 1.64992e+13
8.73957e+09 1.6643e+13
8.78327e+09 1.67871e+13
8.82697e+09 1.69314e+13
8.87067e+09 1.70761e+13
8.91437e+09 1.7221e+13
8.95806e+09 1.73662e+13
9.00176e+09 1.75116e+13
9.04546e+09 1.76574e+13
9.08916e+09 1.78033e+13
9.13285e+09 1.79496e+13
9.17655e+09 1.8096e+13
9.22025e+09 1.82427e+13
9.26395e+09 1.83896e+13
9.30765e+09 1.85368e+13
9.35134e+09 1.86842e+13
9.39504e+09 1.88318e+13
9.43874e+09 1.89796e+13
9.48244e+09 1.91276e+13
9.52614e+09 1.92757e+13
9.56983e+09 1.94241e+13
9.61353e+09 1.95727e+13
9.65723e+09 1.97214e+13
9.70093e+09 1.98704e+13
9.74462e+09 2.00194e+13
9.78832e+09 2.01687e+13
9.83202e+09 2.03181e+13
9.87572e+09 2.04676e+13
9.91942e+09 2.06173e+13
9.96311e+09 2.07671e+13
1.00068e+10 2.09171e+13
1.00505e+10 2.10672e+13
1.00942e+10 2.12174e+13
1.01379e+10 2.13677e+13
1.01816e+10 2.15181e+13
1.02253e+10 2.16686e+13
1.0269e+10 2.18193e+13
1.03127e+10 2.197e+13
1.03564e+10 2.21208e+13
1.04001e+10 2.22716e+13
1.04438e+10 2.24226e+13
1.04875e+10 2.25736e+13
1.05312e+10 2.27246e+13
1.05749e+10 2.28758e+13
1.06186e+10 2.30269e+13
1.06623e+10 2.31781e+13
1.0706e+10 2.33294e+13
1.07497e+10 2.34807e+13
1.07934e+10 2.3632e+13
1.08371e+10 2.37833e+13
1.08808e+10 2.39346e+13
1.09245e+10 2.40859e+13
1.09682e+10 2.42373e+13
1.10119e+10 2.43886e+13
1.10556e+10 2.45399e+13
1.10993e+10 2.46912e+13
1.1143e+10 2.48425e+13
1.11867e+10 2.49938e+13
1.12304e+10 2.5145e+13
1.1274e+10 2.52961e+13
1.13177e+10 2.54472e+13
1.13614e+10 2.55983e+13
1.14051e+10 2.57493e+13
1.14488e+10 2.59003e+13
1.14925e+10 2.60511e+13
1.15362e+10 2.62019e+13
1.15799e+10 2.63526e+13
1.16236e+10 2.65033e+13
1.16673e+10 2.66538e+13
1.1711e+10 2.68042e+13
1.17547e+10 2.69545e+13
1.17984e+10 2.71047e+13
1.18421e+10 2.72548e+13
1.18858e+10 2.74048e+13
1.19295e+10 2.75546e+13
1.19732e+10 2.77043e+13
1.20169e+10 2.78538e+13
1.20606e+10 2.80032e+13
1.21043e+10 2.81525e+13
1.2148e+10 2.83015e+13
1.21917e+10 2.84505e+13
1.22354e+10 2.85992e+13
1.22791e+10 2.87478e+13
1.23228e+10 2.88962e+13
1.23665e+10 2.90443e+13
1.24102e+10 2.91923e+13
1.24539e+10 2.93401e+13
1.24976e+10 2.94877e+13
1.25413e+10 2.96351e+13
1.2585e+10 2.97822e+13
1.26287e+10 2.99292e+13
1.26724e+10 3.00759e+13
1.27161e+10 3.02223e+13
1.27598e+10 3.03686e+13
1.28035e+10 3.05145e+13
1.28472e+10 3.06603e+13
1.28909e+10 3.08057e+13
1.29346e+10 3.09509e+13
1.29783e+10 3.10958e+13
1.3022e+10 3.12405e+13
1.30657e+10 3.13848e+13
1.31094e+10 3.15289e+13
1.31531e+10 3.16727e+13
1.31968e+10 3.18162e+13
1.32405e+10 3.19594e+13
1.32842e+10 3.21022e+13
1.33278e+10 3.22448e+13
1.33715e+10 3.2387e+13
1.34152e+10 3.25289e+13
1.34589e+10 3.26705e+13
1.35026e+10 3.28117e+13
1.35463e+10 3.29526e+13
1.359e+10 3.30931e+13
1.36337e+10 3.32333e+13
1.36774e+10 3.33731e+13
1.37211e+10 3.35126e+13
1.37648e+10 3.36516e+13
1.38085e+10 3.37903e+13
1.38522e+10 3.39286e+13
1.38959e+10 3.40666e+13
1.39396e+10 3.42041e+13
1.39833e+10 3.43412e+13
1.4027e+10 3.4478e+13
1.40707e+10 3.46143e+13
1.41144e+10 3.47502e+13
1.41581e+10 3.48857e+13
1.42018e+10 3.50207e+13
1.42455e+10 3.51554e+13
1.42892e+10 3.52896e+13
1.43329e+10 3.54233e+13
1.43766e+10 3.55566e+13
1.44203e+10 3.56894e+13
1.4464e+10 3.58218e+13
1.45077e+10 3.59538e+13
1.45514e+10 3.60852e+13
1.45951e+10 3.62162e+13
1.46388e+10 3.63467e+13
1.46825e+10 3.64767e+13
1.47262e+10 3.66062e+13
1.47699e+10 3.67353e+13
1.48136e+10 3.68638e+13
1.48573e+10 3.69918e+13
1.4901e+10 3.71194e+13
1.49447e+10 3.72464e+13
1.49884e+10 3.73729e+13
1.50321e+10 3.74988e+13
1.50758e+10 3.76243e+13
1.51195e+10 3.77492e+13
1.51632e+10 3.78735e+13
1.52069e+10 3.79973e+13
1.52506e+10 3.81206e+13
1.52943e+10 3.82433e+13
1.5338e+10 3.83655e+13
1.53816e+10 3.84871e+13
1.54253e+10 3.86081e+13
1.5469e+10 3.87285e+13
1.55127e+10 3.88484e+13
1.55564e+10 3.89677e+13
1.56001e+10 3.90864e+13
1.56438e+10 3.92045e+13
1.56875e+10 3.9322e+13
1.57312e+10 3.94389e+13
1.57749e+10 3.95552e+13
1.58186e+10 3.96709e+13
1.58623e+10 3.9786e+13
1.5906e+10 3.99004e+13
1.59497e+10 4.00143e+13
1.59934e+10 4.01275e+13
1.60371e+10 4.024e+13
1.60808e+10 4.0352e+13
1.61245e+10 4.04633e+13
1.61682e+10 4.05739e+13
1.62119e+10 4.06839e+13
1.62556e+10 4.07932e+13
1.62993e+10 4.09019e+13
1.6343e+10 4.10099e+13
1.63867e+10 4.11173e+13
1.64304e+10 4.1224e+13
1.64741e+10 4.133e+13
1.65178e+10 4.14353e+13
1.65615e+10 4.15399e+13
1.66052e+10 4.16438e+13
1.66489e+10 4.17471e+13
1.66926e+10 4.18496e+13
1.67363e+10 4.19515e+13
1.678e+10 4.20526e+13
1.68237e+10 4.21531e+13
1.68674e+10 4.22528e+13
1.69111e+10 4.23518e+13
1.69548e+10 4.24501e+13
1.69985e+10 4.25477e+13
1.70422e+10 4.26445e+13
1.70859e+10 4.27406e+13
1.71296e+10 4.28359e+13
1.71733e+10 4.29306e+13
1.7217e+10 4.30244e+13
1.72607e+10 4.31176e+13
1.73044e+10 4.321e+13
1.73481e+10 4.33016e+13
1.73918e+10 4.33924e+13
1.74354e+10 4.34825e+13
1.74791e+10 4.35719e+13
1.75228e+10 4.36605e+13
1.75665e+10 4.37483e+13
1.76102e+10 4.38353e+13
1.76539e+10 4.39215e+13
1.76976e+10 4.4007e+13
1.77413e+10 4.40916e+13
1.7785e+10 4.41755e+13
1.78287e+10 4.42586e+13
1.78724e+10 4.43409e+13
1.79161e+10 4.44224e+13
1.79598e+10 4.45031e+13
1.80035e+10 4.4583e+13
1.80472e+10 4.4662e+13
1.80909e+10 4.47403e+13
1.81346e+10 4.48177e+13
1.81783e+10 4.48944e+13
1.8222e+10 4.49702e+13
1.82657e+10 4.50451e+13
1.83094e+10 4.51193e+13
1.83531e+10 4.51926e+13
1.83968e+10 4.52651e+13
1.84405e+10 4.53368e+13
1.84842e+10 4.54076e+13
1.85279e+10 4.54776e+13
1.85716e+10 4.55467e+13
1.86153e+10 4.5615e+13
1.8659e+10 4.56824e+13
1.87027e+10 4.5749e+13
1.87464e+10 4.58147e+13
1.87901e+10 4.58796e+13
1.88338e+10 4.59436e+13
1.88775e+10 4.60067e+13
1.89212e+10 4.6069e+13
1.89649e+10 4.61304e+13
1.90086e+10 4.61909e+13
1.90523e+10 4.62506e+13
1.9096e+10 4.63094e+13
1.91397e+10 4.63673e+13
1.91834e+10 4.64243e+13
1.92271e+10 4.64805e+13
1.92708e+10 4.65358e+13
1.93145e+10 4.65901e+13
1.93582e+10 4.66436e+13
1.94019e+10 4.66962e+13
1.94456e+10 4.6748e+13
1.94892e+10 4.67988e+13
1.95329e+10 4.68487e+13
1.95766e+10 4.68977e+13
1.96203e+10 4.69458e+13
1.9664e+10 4.6993e+13
1.97077e+10 4.70394e+13
1.97514e+10 4.70848e+13
1.97951e+10 4.71293e+13
1.98388e+10 4.71729e+13
1.98825e+10 4.72155e+13
1.99262e+10 4.72573e+13
1.99699e+10 4.72981e+13
2.00136e+10 4.73381e+13
2.00573e+10 4.73771e+13
2.0101e+10 4.74152e+13
2.01447e+10 4.74524e+13
2.01884e+10 4.74886e+13
2.02321e+10 4.75239e+13
2.02758e+10 4.75583e+13
2.03195e+10 4.75918e+13
2.03632e+10 4.76244e+13
2.04069e+10 4.7656e+13
2.04506e+10 4.76867e+13
2.04943e+10 4.77164e+13
2.0538e+10 4.77453e+13
2.05817e+10 4.77732e+13
2.06254e+10 4.78001e+13
2.06691e+10 4.78261e+13
2.07128e+10 4.78512e+13
2.07565e+10 4.78754e+13
2.08002e+10 4.78986e+13
2.08439e+10 4.79208e+13
2.08876e+10 4.79421e+13
2.09313e+10 4.79625e+13
2.0975e+10 4.7982e+13
2.10187e+10 4.80005e+13
2.10624e+10 4.8018e+13
2.11061e+10 4.80346e+13
2.11498e+10 4.80503e+13
2.11935e+10 4.8065e+13
2.12372e+10 4.80788e+13
2.12809e+10 4.80916e+13
2.13246e+10 4.81035e+13
2.13683e+10 4.81144e+13
2.1412e+10 4.81244e+13
2.14557e+10 4.81334e+13
2.14994e+10 4.81415e+13
2.1543e+10 4.81486e+13
2.15867e+10 4.81548e+13
2.16304e+10 4.816e+13
2.16741e+10 4.81643e+13
2.17178e+10 4.81676e+13
2.17615e+10 4.817e+13
2.18052e+10 4.81714e+13
2.18489e+10 4.81719e+13
