0 0
4.36979e+07 5.02146e+08
8.73957e+07 2.00856e+09
1.31094e+08 4.51919e+09
1.74791e+08 8.03394e+09
2.18489e+08 1.25527e+10
2.62187e+08 1.80752e+10
3.05885e+08 2.46013e+10
3.49583e+08 3.21307e+10
3.93281e+08 4.06631e+10
4.36979e+08 5.01982e+10
4.80677e+08 6.07357e+10
5.24374e+08 7.2275e+10
5.68072e+08 8.48158e+10
6.1177e+08 9.83575e+10
6.55468e+08 1.129e+11
6.99166e+08 1.28442e+11
7.42864e+08 1.44983e+11
7.86562e+08 1.62522e+11
8.30259e+08 1.8106e+11
8.73957e+08 2.00595e+11
9.17655e+08 2.21126e+11
9.61353e+08 2.42653e+11
1.00505e+09 2.65174e+11
1.04875e+09 2.88689e+11
1.09245e+09 3.13197e+11
1.13614e+09 3.38697e+11
1.17984e+09 3.65188e+11
1.22354e+09 3.92669e+11
1.26724e+09 4.21139e+11
1.31094e+09 4.50596e+11
1.35463e+09 4.8104e+11
1.39833e+09 5.12469e+11
1.44203e+09 5.44882e+11
1.48573e+09 5.78278e+11
1.52943e+09 6.12656e+11
1.57312e+09 6.48013e+11
1.61682e+09 6.84349e+11
1.66052e+09 7.21663e+11
1.70422e+09 7.59952e+11
1.74791e+09 7.99216e+11
1.79161e+09 8.39452e+11
1.83531e+09 8.8066e+11
1.87901e+09 9.22837e+11
1.92271e+09 9.65981e+11
1.9664e+09 1.01009e+12
2.0101e+09 1.05517e+12
2.0538e+09 1.10121e+12
2.0975e+09 1.1482e+12
2.1412e+09 1.19616e+12
2.18489e+09 1.24508e+12
2.22859e+09 1.29495e+12
2.27229e+09 1.34577e+12
2.31599e+09 1.39755e+12
2.35968e+09 1.45027e+12
2.40338e+09 1.50394e+12
2.44708e+09 1.55855e+12
2.49078e+09 1.61411e+12
2.53448e+09 1.67061e+12
2.57817e+09 1.72805e+12
2.62187e+09 1.78642e+12
2.66557e+09 1.84573e+12
2.70927e+09 1.90597e+12
2.75297e+09 1.96714e+12
2.79666e+09 2.02923e+12
2.84036e+09 2.09225e+12
2.88406e+09 2.15619e+12
2.92776e+09 2.22105e+12
2.97146e+09 2.28682e+12
3.01515e+09 2.35351e+12
3.05885e+09 2.42111e+12
3.10255e+09 2.48962e+12
3.14625e+09 2.55904e+12
3.18994e+09 2.62936e+12
3.23364e+09 2.70058e+12
3.27734e+09 2.77269e+12
3.32104e+09 2.84571e+12
3.36474e+09 2.91961e+12
3.40843e+09 2.9944e+12
3.45213e+09 3.07008e+12
3.49583e+09 3.14665e+12
3.53953e+09 3.22409e+12
3.58323e+09 3.30241e+12
3.62692e+09 3.3816e+12
3.67062e+09 3.46166e+12
3.71432e+09 3.5426e+12
3.75802e+09 3.62439e+12
3.80171e+09 3.70705e+12
3.84541e+09 3.79056e+12
3.88911e+09 3.87493e+12
3.93281e+09 3.96016e+12
3.97651e+09 4.04623e+12
4.0202e+09 4.13314e+12
4.0639e+09 4.22089e+12
4.1076e+09 4.30949e+12
4.1513e+09 4.39891e+12
4.195e+09 4.48917e+12
4.23869e+09 4.58025e+12
4.28239e+09 4.67216e+12
4.32609e+09 4.76489e+12
4.36979e+09 4.85843e+12
4.41348e+09 4.95279e+12
4.45718e+09 5.04796e+12
4.50088e+09 5.14393e+12
4.54458e+09 5.2407e+12
4.58828e+09 5.33827e+12
4.63197e+09 5.43663e+12
4.67567e+09 5.53578e+12
4.71937e+09 5.63572e+12
4.76307e+09 5.73644e+12
4.80677e+09 5.83793e+12
4.85046e+09 5.94021e+12
4.89416e+09 6.04325e+12
4.93786e+09 6.14705e+12
4.98156e+09 6.25162e+12
5.02525e+09 6.35695e+12
5.06895e+09 6.46303e+12
5.11265e+09 6.56985e+12
5.15635e+09 6.67743e+12
5.20005e+09 6.78574e+12
5.24374e+09 6.89479e+12
5.28744e+09 7.00457e+12
5.33114e+09 7.11508e+12
5.37484e+09 7.22632e+12
5.41854e+09 7.33827e+12
5.46223e+09 7.45094e+12
5.50593e+09 7.56431e+12
5.54963e+09 7.6784e+12
5.59333e+09 7.79318e+12
5.63702e+09 7.90866e+12
5.68072e+09 8.02483e+12
5.72442e+09 8.14169e+12
5.76812e+09 8.25924e+12
5.81182e+09 8.37746e+12
5.85551e+09 8.49635e+12
5.89921e+09 8.61592e+12
5.94291e+09 8.73615e+12
5.98661e+09 8.85703e+12
6.03031e+09 8.97858e+12
6.074e+09 9.10077e+12
6.1177e+09 9.2236e+12
6.1614e+09 9.34708e+12
6.2051e+09 9.47119e+12
6.2488e+09 9.59594e+12
6.29249e+09 9.7213e+12
6.33619e+09 9.84729e+12
6.37989e+09 9.9739e+12
6.42359e+09 1.01011e+13
6.46728e+09 1.02289e+13
6.51098e+09 1.03574e+13
6.55468e+09 1.04864e+13
6.59838e+09 1.0616e+13
6.64208e+09 1.07462e+13
6.68577e+09 1.08769e+13
6.72947e+09 1.10083e+13
6.77317e+09 1.11402e+13
6.81687e+09 1.12727e+13
6.86057e+09 1.14057e+13
6.90426e+09 1.15393e+13
6.94796e+09 1.16735e+13
6.99166e+09 1.18081e+13
7.03536e+09 1.19434e+13
7.07905e+09 1.20791e+13
7.12275e+09 1.22154e+13
7.16645e+09 1.23522e+13
7.21015e+09 1.24895e+13
7.25385e+09 1.26274e+13
7.29754e+09 1.27657e+13
7.34124e+09 1.29046e+13
7.38494e+09 1.30439e+13
7.42864e+09 1.31837e+13
7.47234e+09 1.3324e+13
7.51603e+09 1.34648e+13
7.55973e+09 1.36061e+13
7.60343e+09 1.37478e+13
7.64713e+09 1.389e+13
7.69082e+09 1.40326e+13
7.73452e+09 1.41757e+13
7.77822e+09 1.43193e+13
7.82192e+09 1.44632e+13
7.86562e+09 1.46077e+13
7.90931e+09 1.47525e+13
7.95301e+09 1.48978e+13
7.99671e+09 1.50434e+13
8.04041e+09 1.51895e+13
8.08411e+09 1.5336e+13
8.1278e+09 1.54829e+13
8.1715e+09 1.56302e+13
8.2152e+09 1.57779e+13
8.2589e+09 1.59259e+13
8.30259e+09 1.60743e+13
8.34629e+09 1.62231e+13
8.38999e+09 1.63723e+13
8.43369e+09 1.65218e+13
8.47739e+09 1.66717e+13
8.52108e+09 1.68219e+13
8.56478e+09 1.69725e+13
8.60848e+09 1.71234e+13
8.65218e+09 1.72746e+13
8.69588e+09 1.74261e+13
8.73957e+09 1.7578e+13
8.78327e+09 1.77301e+13
8.82697e+09 1.78826e+13
8.87067e+09 1.80354e+13
8.91437e+09 1.81885e+13
8.95806e+09 1.83418e+13
9.00176e+09 1.84954e+13
9.04546e+09 1.86493e+13
9.08916e+09 1.88035e+13
9.13285e+09 1.8958e+13
9.17655e+09 1.91126e+13
9.22025e+09 1.92676e+13
9.26395e+09 1.94228e+13
9.30765e+09 1.95782e+13
9.35134e+09 1.97338e+13
9.39504e+09 1.98897e+13
9.43874e+09 2.00458e+13
9.48244e+09 2.02021e+13
9.52614e+09 2.03586e+13
9.56983e+09 2.05154e+13
9.61353e+09 2.06723e+13
9.65723e+09 2.08294e+13
9.70093e+09 2.09867e+13
9.74462e+09 2.11441e+13
9.78832e+09 2.13017e+13
9.83202e+09 2.14595e+13
9.87572e+09 2.16175e+13
9.91942e+09 2.17756e+13
9.96311e+09 2.19338e+13
1.00068e+10 2.20922e+13
1.00505e+10 2.22507e+13
1.00942e+10 2.24094e+13
1.01379e+10 2.25681e+13
1.01816e+10 2.2727e+13
1.02253e+10 2.2886e+13
1.0269e+10 2.30451e+13
1.03127e+10 2.32042e+13
1.03564e+10 2.33635e+13
1.04001e+10 2.35228e+13
1.04438e+10 2.36823e+13
1.04875e+10 2.38418e+13
1.05312e+10 2.40013e+13
1.05749e+10 2.41609e+13
1.06186e+10 2.43206e+13
1.06623e+10 2.44803e+13
1.0706e+10 2.464e+13
1.07497e+10 2.47998e+13
1.07934e+10 2.49596e+13
1.08371e+10 2.51194e+13
1.08808e+10 2.52793e+13
1.09245e+10 2.54391e+13
1.09682e+10 2.55989e+13
1.10119e+10 2.57588e+13
1.10556e+10 2.59186e+13
1.10993e+10 2.60784e+13
1.1143e+10 2.62382e+13
1.11867e+10 2.63979e+13
1.12304e+10 2.65576e+13
1.1274e+10 2.67173e+13
1.13177e+10 2.68769e+13
1.13614e+10 2.70364e+13
1.14051e+10 2.71959e+13
1.14488e+10 2.73553e+13
1.14925e+10 2.75147e+13
1.15362e+10 2.76739e+13
1.15799e+10 2.78331e+13
1.16236e+10 2.79922e+13
1.16673e+10 2.81512e+13
1.1711e+10 2.83101e+13
1.17547e+10 2.84688e+13
1.17984e+10 2.86275e+13
1.18421e+10 2.8786e+13
1.18858e+10 2.89443e+13
1.19295e+10 2.91026e+13
1.19732e+10 2.92607e+13
1.20169e+10 2.94186e+13
1.20606e+10 2.95764e+13
1.21043e+10 2.97341e+13
1.2148e+10 2.98915e+13
1.21917e+10 3.00488e+13
1.22354e+10 3.02059e+13
1.22791e+10 3.03628e+13
1.23228e+10 3.05195e+13
1.23665e+10 3.0676e+13
1.24102e+10 3.08324e+13
1.24539e+10 3.09885e+13
1.24976e+10 3.11443e+13
1.25413e+10 3.13e+13
1.2585e+10 3.14554e+13
1.26287e+10 3.16106e+13
1.26724e+10 3.17655e+13
1.27161e+10 3.19202e+13
1.27598e+10 3.20747e+13
1.28035e+10 3.22288e+13
1.28472e+10 3.23827e+13
1.28909e+10 3.25364e+13
1.29346e+10 3.26897e+13
1.29783e+10 3.28428e+13
1.3022e+10 3.29956e+13
1.30657e+10 3.3148e+13
1.31094e+10 3.33002e+13
1.31531e+10 3.34521e+13
1.31968e+10 3.36036e+13
1.32405e+10 3.37548e+13
1.32842e+10 3.39057e+13
1.33278e+10 3.40563e+13
1.33715e+10 3.42065e+13
1.34152e+10 3.43564e+13
1.34589e+10 3.45059e+13
1.35026e+10 3.4655e+13
1.35463e+10 3.48038e+13
1.359e+10 3.49523e+13
1.36337e+10 3.51003e+13
1.36774e+10 3.5248e+13
1.37211e+10 3.53953e+13
1.37648e+10 3.55422e+13
1.38085e+10 3.56887e+13
1.38522e+10 3.58348e+13
1.38959e+10 3.59804e+13
1.39396e+10 3.61257e+13
1.39833e+10 3.62705e+13
1.4027e+10 3.64149e+13
1.40707e+10 3.65589e+13
1.41144e+10 3.67025e+13
1.41581e+10 3.68456e+13
1.42018e+10 3.69882e+13
1.42455e+10 3.71304e+13
1.42892e+10 3.72721e+13
1.43329e+10 3.74134e+13
1.43766e+10 3.75542e+13
1.44203e+10 3.76945e+13
1.4464e+10 3.78343e+13
1.45077e+10 3.79736e+13
1.45514e+10 3.81125e+13
1.45951e+10 3.82508e+13
1.46388e+10 3.83886e+13
1.46825e+10 3.8526e+13
1.47262e+10 3.86628e+13
1.47699e+10 3.87991e+13
1.48136e+10 3.89348e+13
1.48573e+10 3.907e+13
1.4901e+10 3.92047e+13
1.49447e+10 3.93389e+13
1.49884e+10 3.94725e+13
1.50321e+10 3.96055e+13
1.50758e+10 3.9738e+13
1.51195e+10 3.98699e+13
1.51632e+10 4.00012e+13
1.52069e+10 4.0132e+13
1.52506e+10 4.02622e+13
1.52943e+10 4.03918e+13
1.5338e+10 4.05208e+13
1.53816e+10 4.06492e+13
1.54253e+10 4.07771e+13
1.5469e+10 4.09043e+13
1.55127e+10 4.10309e+13
1.55564e+10 4.11569e+13
1.56001e+10 4.12822e+13
1.56438e+10 4.1407e+13
1.56875e+10 4.15311e+13
1.57312e+10 4.16546e+13
1.57749e+10 4.17774e+13
1.58186e+10 4.18996e+13
1.58623e+10 4.20211e+13
1.5906e+10 4.2142e+13
1.59497e+10 4.22623e+13
1.59934e+10 4.23818e+13
1.60371e+10 4.25007e+13
1.60808e+10 4.26189e+13
1.61245e+10 4.27365e+13
1.61682e+10 4.28533e+13
1.62119e+10 4.29695e+13
1.62556e+10 4.3085e+13
1.62993e+10 4.31998e+13
1.6343e+10 4.33139e+13
1.63867e+10 4.34272e+13
1.64304e+10 4.35399e+13
1.64741e+10 4.36519e+13
1.65178e+10 4.37631e+13
1.65615e+10 4.38736e+13
1.66052e+10 4.39834e+13
1.66489e+10 4.40924e+13
1.66926e+10 4.42008e+13
1.67363e+10 4.43083e+13
1.678e+10 4.44152e+13
1.68237e+10 4.45212e+13
1.68674e+10 4.46266e+13
1.69111e+10 4.47311e+13
1.69548e+10 4.48349e+13
1.69985e+10 4.4938e+13
1.70422e+10 4.50402e+13
1.70859e+10 4.51417e+13
1.71296e+10 4.52425e+13
1.71733e+10 4.53424e+13
1.7217e+10 4.54416e+13
1.72607e+10 4.55399e+13
1.73044e+10 4.56375e+13
1.73481e+10 4.57343e+13
1.73918e+10 4.58302e+13
1.74354e+10 4.59254e+13
1.74791e+10 4.60197e+13
1.75228e+10 4.61133e+13
1.75665e+10 4.6206e+13
1.76102e+10 4.62979e+13
1.76539e+10 4.6389e+13
1.76976e+10 4.64793e+13
1.77413e+10 4.65687e+13
1.7785e+10 4.66573e+13
1.78287e+10 4.6745e+13
1.78724e+10 4.6832e+13
1.79161e+10 4.6918e+13
1.79598e+10 4.70032e+13
1.80035e+10 4.70876e+13
1.80472e+10 4.71711e+13
1.80909e+10 4.72538e+13
1.81346e+10 4.73356e+13
1.81783e+10 4.74165e+13
1.8222e+10 4.74966e+13
1.82657e+10 4.75758e+13
1.83094e+10 4.76541e+13
1.83531e+10 4.77315e+13
1.83968e+10 4.78081e+13
1.84405e+10 4.78838e+13
1.84842e+10 4.79586e+13
1.85279e+10 4.80325e+13
1.85716e+10 4.81055e+13
1.86153e+10 4.81776e+13
1.8659e+10 4.82488e+13
1.87027e+10 4.83191e+13
1.87464e+10 4.83886e+13
1.87901e+10 4.84571e+13
1.88338e+10 4.85247e+13
1.88775e+10 4.85914e+13
1.89212e+10 4.86571e+13
1.89649e+10 4.8722e+13
1.90086e+10 4.87859e+13
1.90523e+10 4.8849e+13
1.9096e+10 4.8911e+13
1.91397e+10 4.89722e+13
1.91834e+10 4.90325e+13
1.92271e+10 4.90918e+13
1.92708e+10 4.91501e+13
1.93145e+10 4.92076e+13
1.93582e+10 4.92641e+13
1.94019e+10 4.93196e+13
1.94456e+10 4.93742e+13
1.94892e+10 4.94279e+13
1.95329e+10 4.94806e+13
1.95766e+10 4.95324e+13
1.96203e+10 4.95832e+13
1.9664e+10 4.96331e+13
1.97077e+10 4.9682e+13
1.97514e+10 4.973e+13
1.97951e+10 4.9777e+13
1.98388e+10 4.9823e+13
1.98825e+10 4.98681e+13
1.99262e+10 4.99122e+13
1.99699e+10 4.99553e+13
2.00136e+10 4.99975e+13
2.00573e+10 5.00387e+13
2.0101e+10 5.0079e+13
2.01447e+10 5.01182e+13
2.01884e+10 5.01565e+13
2.02321e+10 5.01938e+13
2.02758e+10 5.02302e+13
2.03195e+10 5.02655e+13
2.03632e+10 5.02999e+13
2.04069e+10 5.03333e+13
2.04506e+10 5.03657e+13
2.04943e+10 5.03971e+13
2.0538e+10 5.04276e+13
2.05817e+10 5.0457e+13
2.06254e+10 5.04855e+13
2.06691e+10 5.0513e+13
2.07128e+10 5.05395e+13
2.07565e+10 5.0565e+13
2.08002e+10 5.05895e+13
2.08439e+10 5.0613e+13
2.08876e+10 5.06355e+13
2.09313e+10 5.06571e+13
2.0975e+10 5.06776e+13
2.10187e+10 5.06971e+13
2.10624e+10 5.07157e+13
2.11061e+10 5.07332e+13
2.11498e+10 5.07497e+13
2.11935e+10 5.07653e+13
2.12372e+10 5.07798e+13
2.12809e+10 5.07934e+13
2.13246e+10 5.08059e+13
2.13683e+10 5.08174e+13
2.1412e+10 5.0828e+13
2.14557e+10 5.08375e+13
2.14994e+10 5.0846e+13
2.1543e+10 5.08536e+13
2.15867e+10 5.08601e+13
2.16304e+10 5.08656e+13
2.16741e+10 5.08701e+13
2.17178e+10 5.08737e+13
2.17615e+10 5.08762e+13
2.18052e+10 5.08777e+13
2.18489e+10 5.08782e+13
