0 0
4.36979e+07 5.34198e+08
8.73957e+07 2.13677e+09
1.31094e+08 4.80765e+09
1.74791e+08 8.54674e+09
2.18489e+08 1.33539e+10
2.62187e+08 1.92289e+10
3.05885e+08 2.61716e+10
3.49583e+08 3.41816e+10
3.93281e+08 4.32586e+10
4.36979e+08 5.34024e+10
4.80677e+08 6.46124e+10
5.24374e+08 7.68883e+10
5.68072e+08 9.02295e+10
6.1177e+08 1.04636e+11
6.55468e+08 1.20106e+11
6.99166e+08 1.3664e+11
7.42864e+08 1.54237e+11
7.86562e+08 1.72896e+11
8.30259e+08 1.92617e+11
8.73957e+08 2.13399e+11
9.17655e+08 2.3524e+11
9.61353e+08 2.58141e+11
1.00505e+09 2.821e+11
1.04875e+09 3.07116e+11
1.09245e+09 3.33189e+11
1.13614e+09 3.60316e+11
1.17984e+09 3.88498e+11
1.22354e+09 4.17733e+11
1.26724e+09 4.4802e+11
1.31094e+09 4.79358e+11
1.35463e+09 5.11745e+11
1.39833e+09 5.4518e+11
1.44203e+09 5.79662e+11
1.48573e+09 6.1519e+11
1.52943e+09 6.51761e+11
1.57312e+09 6.89376e+11
1.61682e+09 7.28031e+11
1.66052e+09 7.67726e+11
1.70422e+09 8.0846e+11
1.74791e+09 8.5023e+11
1.79161e+09 8.93034e+11
1.83531e+09 9.36872e+11
1.87901e+09 9.81741e+11
1.92271e+09 1.02764e+12
1.9664e+09 1.07457e+12
2.0101e+09 1.12252e+12
2.0538e+09 1.1715e+12
2.0975e+09 1.22149e+12
2.1412e+09 1.27251e+12
2.18489e+09 1.32455e+12
2.22859e+09 1.3776e+12
2.27229e+09 1.43167e+12
2.31599e+09 1.48675e+12
2.35968e+09 1.54284e+12
2.40338e+09 1.59994e+12
2.44708e+09 1.65804e+12
2.49078e+09 1.71714e+12
2.53448e+09 1.77725e+12
2.57817e+09 1.83835e+12
2.62187e+09 1.90045e+12
2.66557e+09 1.96354e+12
2.70927e+09 2.02763e+12
2.75297e+09 2.0927e+12
2.79666e+09 2.15875e+12
2.84036e+09 2.2258e+12
2.88406e+09 2.29382e+12
2.92776e+09 2.36282e+12
2.97146e+09 2.43279e+12
3.01515e+09 2.50374e+12
3.05885e+09 2.57565e+12
3.10255e+09 2.64854e+12
3.14625e+09 2.72238e+12
3.18994e+09 2.79719e+12
3.23364e+09 2.87295e+12
3.27734e+09 2.94968e+12
3.32104e+09 3.02735e+12
3.36474e+09 3.10597e+12
3.40843e+09 3.18554e+12
3.45213e+09 3.26605e+12
3.49583e+09 3.3475e+12
3.53953e+09 3.42988e+12
3.58323e+09 3.5132e+12
3.62692e+09 3.59745e+12
3.67062e+09 3.68262e+12
3.71432e+09 3.76872e+12
3.75802e+09 3.85574e+12
3.80171e+09 3.94367e+12
3.84541e+09 4.03252e+12
3.88911e+09 4.12227e+12
3.93281e+09 4.21293e+12
3.97651e+09 4.30449e+12
4.0202e+09 4.39696e+12
4.0639e+09 4.49031e+12
4.1076e+09 4.58456e+12
4.1513e+09 4.67969e+12
4.195e+09 4.77571e+12
4.23869e+09 4.87261e+12
4.28239e+09 4.97039e+12
4.32609e+09 5.06903e+12
4.36979e+09 5.16855e+12
4.41348e+09 5.26893e+12
4.45718e+09 5.37017e+12
4.50088e+09 5.47226e+12
4.54458e+09 5.57521e+12
4.58828e+09 5.67901e+12
4.63197e+09 5.78365e+12
4.67567e+09 5.88913e+12
4.71937e+09 5.99544e+12
4.76307e+09 6.10259e+12
4.80677e+09 6.21057e+12
4.85046e+09 6.31937e+12
4.89416e+09 6.42899e+12
4.93786e+09 6.53942e+12
4.98156e+09 6.65066e+12
5.02525e+09 6.76271e+12
5.06895e+09 6.87556e+12
5.11265e+09 6.98921e+12
5.15635e+09 7.10365e+12
5.20005e+09 7.21887e+12
5.24374e+09 7.33488e+12
5.28744e+09 7.45167e+12
5.33114e+09 7.56924e+12
5.37484e+09 7.68757e+12
5.41854e+09 7.80667e+12
5.46223e+09 7.92653e+12
5.50593e+09 8.04714e+12
5.54963e+09 8.16851e+12
5.59333e+09 8.29062e+12
5.63702e+09 8.41347e+12
5.68072e+09 8.53706e+12
5.72442e+09 8.66138e+12
5.76812e+09 8.78642e+12
5.81182e+09 8.91219e+12
5.85551e+09 9.03867e+12
5.89921e+09 9.16587e+12
5.94291e+09 9.29377e+12
5.98661e+09 9.42238e+12
6.03031e+09 9.55168e+12
6.074e+09 9.68167e+12
6.1177e+09 9.81234e+12
6.1614e+09 9.9437e+12
6.2051e+09 1.00757e+13
6.2488e+09 1.02084e+13
6.29249e+09 1.03418e+13
6.33619e+09 1.04758e+13
6.37989e+09 1.06105e+13
6.42359e+09 1.07459e+13
6.46728e+09 1.08818e+13
6.51098e+09 1.10185e+13
6.55468e+09 1.11557e+13
6.59838e+09 1.12936e+13
6.64208e+09 1.14321e+13
6.68577e+09 1.15712e+13
6.72947e+09 1.17109e+13
6.77317e+09 1.18513e+13
6.81687e+09 1.19922e+13
6.86057e+09 1.21337e+13
6.90426e+09 1.22759e+13
6.94796e+09 1.24186e+13
6.99166e+09 1.25619e+13
7.03536e+09 1.27057e+13
7.07905e+09 1.28501e+13
7.12275e+09 1.29951e+13
7.16645e+09 1.31407e+13
7.21015e+09 1.32867e+13
7.25385e+09 1.34334e+13
7.29754e+09 1.35805e+13
7.34124e+09 1.37282e+13
7.38494e+09 1.38765e+13
7.42864e+09 1.40252e+13
7.47234e+09 1.41745e+13
7.51603e+09 1.43243e+13
7.55973e+09 1.44745e+13
7.60343e+09 1.46253e+13
7.64713e+09 1.47766e+13
7.69082e+09 1.49283e+13
7.73452e+09 1.50806e+13
7.77822e+09 1.52333e+13
7.82192e+09 1.53864e+13
7.86562e+09 1.55401e+13
7.90931e+09 1.56941e+13
7.95301e+09 1.58487e+13
7.99671e+09 1.60036e+13
8.04041e+09 1.61591e+13
8.08411e+09 1.63149e+13
8.1278e+09 1.64712e+13
8.1715e+09 1.66279e+13
8.2152e+09 1.6785e+13
8.2589e+09 1.69425e+13
8.30259e+09 1.71004e+13
8.34629e+09 1.72587e+13
8.38999e+09 1.74173e+13
8.43369e+09 1.75764e+13
8.47739e+09 1.77358e+13
8.52108e+09 1.78956e+13
8.56478e+09 1.80558e+13
8.60848e+09 1.82163e+13
8.65218e+09 1.83772e+13
8.69588e+09 1.85384e+13
8.73957e+09 1.87e+13
8.78327e+09 1.88619e+13
8.82697e+09 1.90241e+13
8.87067e+09 1.91866e+13
8.91437e+09 1.93494e+13
8.95806e+09 1.95126e+13
9.00176e+09 1.9676e+13
9.04546e+09 1.98397e+13
9.08916e+09 2.00037e+13
9.13285e+09 2.0168e+13
9.17655e+09 2.03326e+13
9.22025e+09 2.04974e+13
9.26395e+09 2.06625e+13
9.30765e+09 2.08279e+13
9.35134e+09 2.09935e+13
9.39504e+09 2.11593e+13
9.43874e+09 2.13253e+13
9.48244e+09 2.14916e+13
9.52614e+09 2.16581e+13
9.56983e+09 2.18249e+13
9.61353e+09 2.19918e+13
9.65723e+09 2.21589e+13
9.70093e+09 2.23262e+13
9.74462e+09 2.24937e+13
9.78832e+09 2.26614e+13
9.83202e+09 2.28293e+13
9.87572e+09 2.29973e+13
9.91942e+09 2.31655e+13
9.96311e+09 2.33339e+13
1.00068e+10 2.35024e+13
1.00505e+10 2.3671e+13
1.00942e+10 2.38398e+13
1.01379e+10 2.40086e+13
1.01816e+10 2.41777e+13
1.02253e+10 2.43468e+13
1.0269e+10 2.4516e+13
1.03127e+10 2.46854e+13
1.03564e+10 2.48548e+13
1.04001e+10 2.50243e+13
1.04438e+10 2.51939e+13
1.04875e+10 2.53636e+13
1.05312e+10 2.55333e+13
1.05749e+10 2.57031e+13
1.06186e+10 2.5873e+13
1.06623e+10 2.60429e+13
1.0706e+10 2.62128e+13
1.07497e+10 2.63828e+13
1.07934e+10 2.65528e+13
1.08371e+10 2.67228e+13
1.08808e+10 2.68928e+13
1.09245e+10 2.70629e+13
1.09682e+10 2.72329e+13
1.10119e+10 2.74029e+13
1.10556e+10 2.7573e+13
1.10993e+10 2.7743e+13
1.1143e+10 2.79129e+13
1.11867e+10 2.80829e+13
1.12304e+10 2.82528e+13
1.1274e+10 2.84226e+13
1.13177e+10 2.85924e+13
1.13614e+10 2.87622e+13
1.14051e+10 2.89318e+13
1.14488e+10 2.91014e+13
1.14925e+10 2.92709e+13
1.15362e+10 2.94404e+13
1.15799e+10 2.96097e+13
1.16236e+10 2.97789e+13
1.16673e+10 2.99481e+13
1.1711e+10 3.01171e+13
1.17547e+10 3.0286e+13
1.17984e+10 3.04547e+13
1.18421e+10 3.06234e+13
1.18858e+10 3.07919e+13
1.19295e+10 3.09602e+13
1.19732e+10 3.11284e+13
1.20169e+10 3.12964e+13
1.20606e+10 3.14643e+13
1.21043e+10 3.1632e+13
1.2148e+10 3.17995e+13
1.21917e+10 3.19668e+13
1.22354e+10 3.21339e+13
1.22791e+10 3.23009e+13
1.23228e+10 3.24676e+13
1.23665e+10 3.26341e+13
1.24102e+10 3.28004e+13
1.24539e+10 3.29664e+13
1.24976e+10 3.31323e+13
1.25413e+10 3.32979e+13
1.2585e+10 3.34632e+13
1.26287e+10 3.36283e+13
1.26724e+10 3.37931e+13
1.27161e+10 3.39577e+13
1.27598e+10 3.4122e+13
1.28035e+10 3.4286e+13
1.28472e+10 3.44497e+13
1.28909e+10 3.46132e+13
1.29346e+10 3.47763e+13
1.29783e+10 3.49391e+13
1.3022e+10 3.51017e+13
1.30657e+10 3.52639e+13
1.31094e+10 3.54257e+13
1.31531e+10 3.55873e+13
1.31968e+10 3.57485e+13
1.32405e+10 3.59094e+13
1.32842e+10 3.60699e+13
1.33278e+10 3.62301e+13
1.33715e+10 3.63899e+13
1.34152e+10 3.65493e+13
1.34589e+10 3.67084e+13
1.35026e+10 3.68671e+13
1.35463e+10 3.70254e+13
1.359e+10 3.71833e+13
1.36337e+10 3.73408e+13
1.36774e+10 3.74979e+13
1.37211e+10 3.76546e+13
1.37648e+10 3.78108e+13
1.38085e+10 3.79667e+13
1.38522e+10 3.81221e+13
1.38959e+10 3.82771e+13
1.39396e+10 3.84316e+13
1.39833e+10 3.85857e+13
1.4027e+10 3.87393e+13
1.40707e+10 3.88925e+13
1.41144e+10 3.90452e+13
1.41581e+10 3.91974e+13
1.42018e+10 3.93491e+13
1.42455e+10 3.95004e+13
1.42892e+10 3.96512e+13
1.43329e+10 3.98015e+13
1.43766e+10 3.99512e+13
1.44203e+10 4.01005e+13
1.4464e+10 4.02492e+13
1.45077e+10 4.03975e+13
1.45514e+10 4.05452e+13
1.45951e+10 4.06923e+13
1.46388e+10 4.0839e+13
1.46825e+10 4.09851e+13
1.47262e+10 4.11306e+13
1.47699e+10 4.12756e+13
1.48136e+10 4.142e+13
1.48573e+10 4.15639e+13
1.4901e+10 4.17072e+13
1.49447e+10 4.18499e+13
1.49884e+10 4.1992e+13
1.50321e+10 4.21335e+13
1.50758e+10 4.22744e+13
1.51195e+10 4.24148e+13
1.51632e+10 4.25545e+13
1.52069e+10 4.26936e+13
1.52506e+10 4.28321e+13
1.52943e+10 4.297e+13
1.5338e+10 4.31073e+13
1.53816e+10 4.32439e+13
1.54253e+10 4.33799e+13
1.5469e+10 4.35152e+13
1.55127e+10 4.36499e+13
1.55564e+10 4.37839e+13
1.56001e+10 4.39173e+13
1.56438e+10 4.405e+13
1.56875e+10 4.4182e+13
1.57312e+10 4.43134e+13
1.57749e+10 4.44441e+13
1.58186e+10 4.4574e+13
1.58623e+10 4.47033e+13
1.5906e+10 4.4832e+13
1.59497e+10 4.49599e+13
1.59934e+10 4.5087e+13
1.60371e+10 4.52135e+13
1.60808e+10 4.53393e+13
1.61245e+10 4.54643e+13
1.61682e+10 4.55887e+13
1.62119e+10 4.57123e+13
1.62556e+10 4.58351e+13
1.62993e+10 4.59572e+13
1.6343e+10 4.60786e+13
1.63867e+10 4.61992e+13
1.64304e+10 4.63191e+13
1.64741e+10 4.64382e+13
1.65178e+10 4.65565e+13
1.65615e+10 4.6674e+13
1.66052e+10 4.67908e+13
1.66489e+10 4.69068e+13
1.66926e+10 4.70221e+13
1.67363e+10 4.71365e+13
1.678e+10 4.72502e+13
1.68237e+10 4.7363e+13
1.68674e+10 4.74751e+13
1.69111e+10 4.75863e+13
1.69548e+10 4.76967e+13
1.69985e+10 4.78064e+13
1.70422e+10 4.79152e+13
1.70859e+10 4.80231e+13
1.71296e+10 4.81303e+13
1.71733e+10 4.82366e+13
1.7217e+10 4.83421e+13
1.72607e+10 4.84467e+13
1.73044e+10 4.85505e+13
1.73481e+10 4.86535e+13
1.73918e+10 4.87556e+13
1.74354e+10 4.88568e+13
1.74791e+10 4.89572e+13
1.75228e+10 4.90567e+13
1.75665e+10 4.91553e+13
1.76102e+10 4.92531e+13
1.76539e+10 4.935e+13
1.76976e+10 4.9446e+13
1.77413e+10 4.95412e+13
1.7785e+10 4.96354e+13
1.78287e+10 4.97288e+13
1.78724e+10 4.98212e+13
1.79161e+10 4.99128e+13
1.79598e+10 5.00035e+13
1.80035e+10 5.00932e+13
1.80472e+10 5.01821e+13
1.80909e+10 5.027e+13
1.81346e+10 5.0357e+13
1.81783e+10 5.04431e+13
1.8222e+10 5.05283e+13
1.82657e+10 5.06125e+13
1.83094e+10 5.06958e+13
1.83531e+10 5.07782e+13
1.83968e+10 5.08597e+13
1.84405e+10 5.09402e+13
1.84842e+10 5.10198e+13
1.85279e+10 5.10984e+13
1.85716e+10 5.1176e+13
1.86153e+10 5.12528e+13
1.8659e+10 5.13285e+13
1.87027e+10 5.14033e+13
1.87464e+10 5.14772e+13
1.87901e+10 5.15501e+13
1.88338e+10 5.1622e+13
1.88775e+10 5.16929e+13
1.89212e+10 5.17629e+13
1.89649e+10 5.18319e+13
1.90086e+10 5.18999e+13
1.90523e+10 5.1967e+13
1.9096e+10 5.2033e+13
1.91397e+10 5.20981e+13
1.91834e+10 5.21622e+13
1.92271e+10 5.22253e+13
1.92708e+10 5.22874e+13
1.93145e+10 5.23485e+13
1.93582e+10 5.24086e+13
1.94019e+10 5.24677e+13
1.94456e+10 5.25258e+13
1.94892e+10 5.25829e+13
1.95329e+10 5.2639e+13
1.95766e+10 5.26941e+13
1.96203e+10 5.27481e+13
1.9664e+10 5.28012e+13
1.97077e+10 5.28532e+13
1.97514e+10 5.29042e+13
1.97951e+10 5.29542e+13
1.98388e+10 5.30032e+13
1.98825e+10 5.30512e+13
1.99262e+10 5.30981e+13
1.99699e+10 5.3144e+13
2.00136e+10 5.31889e+13
2.00573e+10 5.32327e+13
2.0101e+10 5.32755e+13
2.01447e+10 5.33173e+13
2.01884e+10 5.3358e+13
2.02321e+10 5.33977e+13
2.02758e+10 5.34363e+13
2.03195e+10 5.3474e+13
2.03632e+10 5.35105e+13
2.04069e+10 5.35461e+13
2.04506e+10 5.35805e+13
2.04943e+10 5.3614e+13
2.0538e+10 5.36464e+13
2.05817e+10 5.36777e+13
2.06254e+10 5.3708e+13
2.06691e+10 5.37372e+13
2.07128e+10 5.37654e+13
2.07565e+10 5.37925e+13
2.08002e+10 5.38186e+13
2.08439e+10 5.38436e+13
2.08876e+10 5.38676e+13
2.09313e+10 5.38905e+13
2.0975e+10 5.39123e+13
2.10187e+10 5.39331e+13
2.10624e+10 5.39528e+13
2.11061e+10 5.39715e+13
2.11498e+10 5.39891e+13
2.11935e+10 5.40056e+13
2.12372e+10 5.40211e+13
2.12809e+10 5.40355e+13
2.13246e+10 5.40488e+13
2.13683e+10 5.40611e+13
2.1412e+10 5.40723e+13
2.14557e+10 5.40825e+13
2.14994e+10 5.40915e+13
2.1543e+10 5.40996e+13
2.15867e+10 5.41065e+13
2.16304e+10 5.41124e+13
2.16741e+10 5.41172e+13
2.17178e+10 5.41209e+13
2.17615e+10 5.41236e+13
2.18052e+10 5.41252e+13
2.18489e+10 5.41257e+13
