0 0
4.36979e+07 2.8633e+08
8.73957e+07 1.14531e+09
1.31094e+08 2.5769e+09
1.74791e+08 4.58105e+09
2.18489e+08 7.15768e+09
2.62187e+08 1.03067e+10
3.05885e+08 1.4028e+10
3.49583e+08 1.83213e+10
3.93281e+08 2.31866e+10
4.36979e+08 2.86237e+10
4.80677e+08 3.46323e+10
5.24374e+08 4.12121e+10
5.68072e+08 4.8363e+10
6.1177e+08 5.60847e+10
6.55468e+08 6.43768e+10
6.99166e+08 7.3239e+10
7.42864e+08 8.2671e+10
7.86562e+08 9.26724e+10
8.30259e+08 1.03243e+11
8.73957e+08 1.14382e+11
9.17655e+08 1.26089e+11
9.61353e+08 1.38364e+11
1.00505e+09 1.51206e+11
1.04875e+09 1.64614e+11
1.09245e+09 1.78589e+11
1.13614e+09 1.9313e+11
1.17984e+09 2.08235e+11
1.22354e+09 2.23905e+11
1.26724e+09 2.40139e+11
1.31094e+09 2.56936e+11
1.35463e+09 2.74295e+11
1.39833e+09 2.92216e+11
1.44203e+09 3.10699e+11
1.48573e+09 3.29742e+11
1.52943e+09 3.49344e+11
1.57312e+09 3.69505e+11
1.61682e+09 3.90225e+11
1.66052e+09 4.11501e+11
1.70422e+09 4.33334e+11
1.74791e+09 4.55723e+11
1.79161e+09 4.78666e+11
1.83531e+09 5.02163e+11
1.87901e+09 5.26213e+11
1.92271e+09 5.50815e+11
1.9664e+09 5.75968e+11
2.0101e+09 6.0167e+11
2.0538e+09 6.27922e+11
2.0975e+09 6.54721e+11
2.1412e+09 6.82067e+11
2.18489e+09 7.09959e+11
2.22859e+09 7.38396e+11
2.27229e+09 7.67376e+11
2.31599e+09 7.96898e+11
2.35968e+09 8.26962e+11
2.40338e+09 8.57565e+11
2.44708e+09 8.88708e+11
2.49078e+09 9.20388e+11
2.53448e+09 9.52604e+11
2.57817e+09 9.85356e+11
2.62187e+09 1.01864e+12
2.66557e+09 1.05246e+12
2.70927e+09 1.08681e+12
2.75297e+09 1.12169e+12
2.79666e+09 1.15709e+12
2.84036e+09 1.19303e+12
2.88406e+09 1.22949e+12
2.92776e+09 1.26647e+12
2.97146e+09 1.30398e+12
3.01515e+09 1.342e+12
3.05885e+09 1.38055e+12
3.10255e+09 1.41961e+12
3.14625e+09 1.4592e+12
3.18994e+09 1.49929e+12
3.23364e+09 1.5399e+12
3.27734e+09 1.58103e+12
3.32104e+09 1.62266e+12
3.36474e+09 1.6648e+12
3.40843e+09 1.70745e+12
3.45213e+09 1.7506e+12
3.49583e+09 1.79426e+12
3.53953e+09 1.83842e+12
3.58323e+09 1.88307e+12
3.62692e+09 1.92823e+12
3.67062e+09 1.97389e+12
3.71432e+09 2.02003e+12
3.75802e+09 2.06667e+12
3.80171e+09 2.11381e+12
3.84541e+09 2.16143e+12
3.88911e+09 2.20954e+12
3.93281e+09 2.25813e+12
3.97651e+09 2.30721e+12
4.0202e+09 2.35677e+12
4.0639e+09 2.40681e+12
4.1076e+09 2.45732e+12
4.1513e+09 2.50832e+12
4.195e+09 2.55978e+12
4.23869e+09 2.61172e+12
4.28239e+09 2.66413e+12
4.32609e+09 2.717e+12
4.36979e+09 2.77034e+12
4.41348e+09 2.82414e+12
4.45718e+09 2.87841e+12
4.50088e+09 2.93313e+12
4.54458e+09 2.98831e+12
4.58828e+09 3.04395e+12
4.63197e+09 3.10003e+12
4.67567e+09 3.15657e+12
4.71937e+09 3.21356e+12
4.76307e+09 3.27099e+12
4.80677e+09 3.32886e+12
4.85046e+09 3.38718e+12
4.89416e+09 3.44594e+12
4.93786e+09 3.50513e+12
4.98156e+09 3.56475e+12
5.02525e+09 3.62481e+12
5.06895e+09 3.6853e+12
5.11265e+09 3.74621e+12
5.15635e+09 3.80755e+12
5.20005e+09 3.86932e+12
5.24374e+09 3.9315e+12
5.28744e+09 3.9941e+12
5.33114e+09 4.05711e+12
5.37484e+09 4.12054e+12
5.41854e+09 4.18438e+12
5.46223e+09 4.24862e+12
5.50593e+09 4.31327e+12
5.54963e+09 4.37832e+12
5.59333e+09 4.44377e+12
5.63702e+09 4.50962e+12
5.68072e+09 4.57586e+12
5.72442e+09 4.6425e+12
5.76812e+09 4.70952e+12
5.81182e+09 4.77693e+12
5.85551e+09 4.84473e+12
5.89921e+09 4.91291e+12
5.94291e+09 4.98146e+12
5.98661e+09 5.05039e+12
6.03031e+09 5.1197e+12
6.074e+09 5.18937e+12
6.1177e+09 5.25942e+12
6.1614e+09 5.32982e+12
6.2051e+09 5.4006e+12
6.2488e+09 5.47172e+12
6.29249e+09 5.54321e+12
6.33619e+09 5.61505e+12
6.37989e+09 5.68724e+12
6.42359e+09 5.75978e+12
6.46728e+09 5.83267e+12
6.51098e+09 5.90589e+12
6.55468e+09 5.97946e+12
6.59838e+09 6.05336e+12
6.64208e+09 6.1276e+12
6.68577e+09 6.20217e+12
6.72947e+09 6.27706e+12
6.77317e+09 6.35228e+12
6.81687e+09 6.42783e+12
6.86057e+09 6.50369e+12
6.90426e+09 6.57986e+12
6.94796e+09 6.65635e+12
6.99166e+09 6.73315e+12
7.03536e+09 6.81026e+12
7.07905e+09 6.88767e+12
7.12275e+09 6.96538e+12
7.16645e+09 7.04339e+12
7.21015e+09 7.12169e+12
7.25385e+09 7.20029e+12
7.29754e+09 7.27917e+12
7.34124e+09 7.35834e+12
7.38494e+09 7.43779e+12
7.42864e+09 7.51752e+12
7.47234e+09 7.59753e+12
7.51603e+09 7.67781e+12
7.55973e+09 7.75835e+12
7.60343e+09 7.83917e+12
7.64713e+09 7.92025e+12
7.69082e+09 8.00158e+12
7.73452e+09 8.08318e+12
7.77822e+09 8.16503e+12
7.82192e+09 8.24712e+12
7.86562e+09 8.32947e+12
7.90931e+09 8.41206e+12
7.95301e+09 8.49489e+12
7.99671e+09 8.57796e+12
8.04041e+09 8.66126e+12
8.08411e+09 8.74479e+12
8.1278e+09 8.82855e+12
8.1715e+09 8.91253e+12
8.2152e+09 8.99673e+12
8.2589e+09 9.08116e+12
8.30259e+09 9.16579e+12
8.34629e+09 9.25064e+12
8.38999e+09 9.33569e+12
8.43369e+09 9.42095e+12
8.47739e+09 9.50641e+12
8.52108e+09 9.59207e+12
8.56478e+09 9.67792e+12
8.60848e+09 9.76396e+12
8.65218e+09 9.85018e+12
8.69588e+09 9.9366e+12
8.73957e+09 1.00232e+13
8.78327e+09 1.011e+13
8.82697e+09 1.01969e+13
8.87067e+09 1.0284e+13
8.91437e+09 1.03713e+13
8.95806e+09 1.04587e+13
9.00176e+09 1.05463e+13
9.04546e+09 1.06341e+13
9.08916e+09 1.0722e+13
9.13285e+09 1.08101e+13
9.17655e+09 1.08983e+13
9.22025e+09 1.09866e+13
9.26395e+09 1.10751e+13
9.30765e+09 1.11637e+13
9.35134e+09 1.12525e+13
9.39504e+09 1.13414e+13
9.43874e+09 1.14304e+13
9.48244e+09 1.15195e+13
9.52614e+09 1.16088e+13
9.56983e+09 1.16981e+13
9.61353e+09 1.17876e+13
9.65723e+09 1.18772e+13
9.70093e+09 1.19669e+13
9.74462e+09 1.20566e+13
9.78832e+09 1.21465e+13
9.83202e+09 1.22365e+13
9.87572e+09 1.23266e+13
9.91942e+09 1.24167e+13
9.96311e+09 1.2507e+13
1.00068e+10 1.25973e+13
1.00505e+10 1.26876e+13
1.00942e+10 1.27781e+13
1.01379e+10 1.28686e+13
1.01816e+10 1.29592e+13
1.02253e+10 1.30499e+13
1.0269e+10 1.31406e+13
1.03127e+10 1.32314e+13
1.03564e+10 1.33222e+13
1.04001e+10 1.3413e+13
1.04438e+10 1.35039e+13
1.04875e+10 1.35949e+13
1.05312e+10 1.36859e+13
1.05749e+10 1.37769e+13
1.06186e+10 1.38679e+13
1.06623e+10 1.3959e+13
1.0706e+10 1.40501e+13
1.07497e+10 1.41412e+13
1.07934e+10 1.42323e+13
1.08371e+10 1.43234e+13
1.08808e+10 1.44146e+13
1.09245e+10 1.45057e+13
1.09682e+10 1.45968e+13
1.10119e+10 1.4688e+13
1.10556e+10 1.47791e+13
1.10993e+10 1.48702e+13
1.1143e+10 1.49613e+13
1.11867e+10 1.50524e+13
1.12304e+10 1.51435e+13
1.1274e+10 1.52345e+13
1.13177e+10 1.53255e+13
1.13614e+10 1.54165e+13
1.14051e+10 1.55075e+13
1.14488e+10 1.55984e+13
1.14925e+10 1.56892e+13
1.15362e+10 1.578e+13
1.15799e+10 1.58708e+13
1.16236e+10 1.59615e+13
1.16673e+10 1.60522e+13
1.1711e+10 1.61428e+13
1.17547e+10 1.62333e+13
1.17984e+10 1.63237e+13
1.18421e+10 1.64141e+13
1.18858e+10 1.65044e+13
1.19295e+10 1.65947e+13
1.19732e+10 1.66848e+13
1.20169e+10 1.67749e+13
1.20606e+10 1.68649e+13
1.21043e+10 1.69547e+13
1.2148e+10 1.70445e+13
1.21917e+10 1.71342e+13
1.22354e+10 1.72238e+13
1.22791e+10 1.73133e+13
1.23228e+10 1.74026e+13
1.23665e+10 1.74919e+13
1.24102e+10 1.7581e+13
1.24539e+10 1.767e+13
1.24976e+10 1.77589e+13
1.25413e+10 1.78477e+13
1.2585e+10 1.79363e+13
1.26287e+10 1.80248e+13
1.26724e+10 1.81131e+13
1.27161e+10 1.82013e+13
1.27598e+10 1.82894e+13
1.28035e+10 1.83773e+13
1.28472e+10 1.84651e+13
1.28909e+10 1.85527e+13
1.29346e+10 1.86401e+13
1.29783e+10 1.87274e+13
1.3022e+10 1.88145e+13
1.30657e+10 1.89014e+13
1.31094e+10 1.89882e+13
1.31531e+10 1.90748e+13
1.31968e+10 1.91612e+13
1.32405e+10 1.92474e+13
1.32842e+10 1.93335e+13
1.33278e+10 1.94193e+13
1.33715e+10 1.9505e+13
1.34152e+10 1.95904e+13
1.34589e+10 1.96757e+13
1.35026e+10 1.97607e+13
1.35463e+10 1.98456e+13
1.359e+10 1.99302e+13
1.36337e+10 2.00147e+13
1.36774e+10 2.00989e+13
1.37211e+10 2.01828e+13
1.37648e+10 2.02666e+13
1.38085e+10 2.03501e+13
1.38522e+10 2.04334e+13
1.38959e+10 2.05165e+13
1.39396e+10 2.05993e+13
1.39833e+10 2.06819e+13
1.4027e+10 2.07643e+13
1.40707e+10 2.08464e+13
1.41144e+10 2.09282e+13
1.41581e+10 2.10098e+13
1.42018e+10 2.10911e+13
1.42455e+10 2.11722e+13
1.42892e+10 2.1253e+13
1.43329e+10 2.13336e+13
1.43766e+10 2.14139e+13
1.44203e+10 2.14939e+13
1.4464e+10 2.15736e+13
1.45077e+10 2.1653e+13
1.45514e+10 2.17322e+13
1.45951e+10 2.18111e+13
1.46388e+10 2.18897e+13
1.46825e+10 2.1968e+13
1.47262e+10 2.2046e+13
1.47699e+10 2.21237e+13
1.48136e+10 2.22011e+13
1.48573e+10 2.22782e+13
1.4901e+10 2.2355e+13
1.49447e+10 2.24315e+13
1.49884e+10 2.25077e+13
1.50321e+10 2.25836e+13
1.50758e+10 2.26591e+13
1.51195e+10 2.27343e+13
1.51632e+10 2.28092e+13
1.52069e+10 2.28838e+13
1.52506e+10 2.2958e+13
1.52943e+10 2.30319e+13
1.5338e+10 2.31055e+13
1.53816e+10 2.31787e+13
1.54253e+10 2.32516e+13
1.5469e+10 2.33241e+13
1.55127e+10 2.33963e+13
1.55564e+10 2.34682e+13
1.56001e+10 2.35397e+13
1.56438e+10 2.36108e+13
1.56875e+10 2.36816e+13
1.57312e+10 2.3752e+13
1.57749e+10 2.3822e+13
1.58186e+10 2.38917e+13
1.58623e+10 2.3961e+13
1.5906e+10 2.40299e+13
1.59497e+10 2.40985e+13
1.59934e+10 2.41667e+13
1.60371e+10 2.42345e+13
1.60808e+10 2.43019e+13
1.61245e+10 2.43689e+13
1.61682e+10 2.44355e+13
1.62119e+10 2.45018e+13
1.62556e+10 2.45676e+13
1.62993e+10 2.46331e+13
1.6343e+10 2.46981e+13
1.63867e+10 2.47628e+13
1.64304e+10 2.4827e+13
1.64741e+10 2.48908e+13
1.65178e+10 2.49543e+13
1.65615e+10 2.50173e+13
1.66052e+10 2.50799e+13
1.66489e+10 2.51421e+13
1.66926e+10 2.52038e+13
1.67363e+10 2.52652e+13
1.678e+10 2.53261e+13
1.68237e+10 2.53866e+13
1.68674e+10 2.54466e+13
1.69111e+10 2.55063e+13
1.69548e+10 2.55655e+13
1.69985e+10 2.56242e+13
1.70422e+10 2.56825e+13
1.70859e+10 2.57404e+13
1.71296e+10 2.57978e+13
1.71733e+10 2.58548e+13
1.7217e+10 2.59114e+13
1.72607e+10 2.59674e+13
1.73044e+10 2.60231e+13
1.73481e+10 2.60783e+13
1.73918e+10 2.6133e+13
1.74354e+10 2.61872e+13
1.74791e+10 2.6241e+13
1.75228e+10 2.62944e+13
1.75665e+10 2.63473e+13
1.76102e+10 2.63997e+13
1.76539e+10 2.64516e+13
1.76976e+10 2.65031e+13
1.77413e+10 2.65541e+13
1.7785e+10 2.66046e+13
1.78287e+10 2.66546e+13
1.78724e+10 2.67042e+13
1.79161e+10 2.67533e+13
1.79598e+10 2.68019e+13
1.80035e+10 2.685e+13
1.80472e+10 2.68976e+13
1.80909e+10 2.69447e+13
1.81346e+10 2.69914e+13
1.81783e+10 2.70375e+13
1.8222e+10 2.70832e+13
1.82657e+10 2.71283e+13
1.83094e+10 2.7173e+13
1.83531e+10 2.72171e+13
1.83968e+10 2.72608e+13
1.84405e+10 2.73039e+13
1.84842e+10 2.73466e+13
1.85279e+10 2.73887e+13
1.85716e+10 2.74304e+13
1.86153e+10 2.74715e+13
1.8659e+10 2.75121e+13
1.87027e+10 2.75522e+13
1.87464e+10 2.75918e+13
1.87901e+10 2.76308e+13
1.88338e+10 2.76694e+13
1.88775e+10 2.77074e+13
1.89212e+10 2.77449e+13
1.89649e+10 2.77819e+13
1.90086e+10 2.78184e+13
1.90523e+10 2.78543e+13
1.9096e+10 2.78897e+13
1.91397e+10 2.79246e+13
1.91834e+10 2.79589e+13
1.92271e+10 2.79927e+13
1.92708e+10 2.8026e+13
1.93145e+10 2.80588e+13
1.93582e+10 2.8091e+13
1.94019e+10 2.81227e+13
1.94456e+10 2.81538e+13
1.94892e+10 2.81844e+13
1.95329e+10 2.82145e+13
1.95766e+10 2.8244e+13
1.96203e+10 2.8273e+13
1.9664e+10 2.83014e+13
1.97077e+10 2.83293e+13
1.97514e+10 2.83567e+13
1.97951e+10 2.83835e+13
1.98388e+10 2.84097e+13
1.98825e+10 2.84354e+13
1.99262e+10 2.84606e+13
1.99699e+10 2.84852e+13
2.00136e+10 2.85092e+13
2.00573e+10 2.85327e+13
2.0101e+10 2.85557e+13
2.01447e+10 2.85781e+13
2.01884e+10 2.85999e+13
2.02321e+10 2.86212e+13
2.02758e+10 2.86419e+13
2.03195e+10 2.8662e+13
2.03632e+10 2.86816e+13
2.04069e+10 2.87007e+13
2.04506e+10 2.87192e+13
2.04943e+10 2.87371e+13
2.0538e+10 2.87545e+13
2.05817e+10 2.87712e+13
2.06254e+10 2.87875e+13
2.06691e+10 2.88032e+13
2.07128e+10 2.88183e+13
2.07565e+10 2.88328e+13
2.08002e+10 2.88468e+13
2.08439e+10 2.88602e+13
2.08876e+10 2.8873e+13
2.09313e+10 2.88853e+13
2.0975e+10 2.8897e+13
2.10187e+10 2.89081e+13
2.10624e+10 2.89187e+13
2.11061e+10 2.89287e+13
2.11498e+10 2.89381e+13
2.11935e+10 2.8947e+13
2.12372e+10 2.89553e+13
2.12809e+10 2.8963e+13
2.13246e+10 2.89702e+13
2.13683e+10 2.89768e+13
2.1412e+10 2.89828e+13
2.14557e+10 2.89882e+13
2.14994e+10 2.89931e+13
2.1543e+10 2.89974e+13
2.15867e+10 2.90011e+13
2.16304e+10 2.90042e+13
2.16741e+10 2.90068e+13
2.17178e+10 2.90088e+13
2.17615e+10 2.90102e+13
2.18052e+10 2.90111e+13
2.18489e+10 2.90114e+13
