0 0
4.36979e+07 5.23514e+08
8.73957e+07 2.09403e+09
1.31094e+08 4.7115e+09
1.74791e+08 8.37581e+09
2.18489e+08 1.30868e+10
2.62187e+08 1.88443e+10
3.05885e+08 2.56481e+10
3.49583e+08 3.34979e+10
3.93281e+08 4.23935e+10
4.36979e+08 5.23343e+10
4.80677e+08 6.33202e+10
5.24374e+08 7.53505e+10
5.68072e+08 8.84249e+10
6.1177e+08 1.02543e+11
6.55468e+08 1.17704e+11
6.99166e+08 1.33907e+11
7.42864e+08 1.51152e+11
7.86562e+08 1.69438e+11
8.30259e+08 1.88765e+11
8.73957e+08 2.09131e+11
9.17655e+08 2.30536e+11
9.61353e+08 2.52978e+11
1.00505e+09 2.76458e+11
1.04875e+09 3.00974e+11
1.09245e+09 3.26525e+11
1.13614e+09 3.5311e+11
1.17984e+09 3.80728e+11
1.22354e+09 4.09379e+11
1.26724e+09 4.3906e+11
1.31094e+09 4.69771e+11
1.35463e+09 5.0151e+11
1.39833e+09 5.34276e+11
1.44203e+09 5.68069e+11
1.48573e+09 6.02886e+11
1.52943e+09 6.38726e+11
1.57312e+09 6.75588e+11
1.61682e+09 7.13471e+11
1.66052e+09 7.52372e+11
1.70422e+09 7.92291e+11
1.74791e+09 8.33225e+11
1.79161e+09 8.75173e+11
1.83531e+09 9.18134e+11
1.87901e+09 9.62106e+11
1.92271e+09 1.00709e+12
1.9664e+09 1.05308e+12
2.0101e+09 1.10007e+12
2.0538e+09 1.14807e+12
2.0975e+09 1.19706e+12
2.1412e+09 1.24706e+12
2.18489e+09 1.29806e+12
2.22859e+09 1.35005e+12
2.27229e+09 1.40304e+12
2.31599e+09 1.45702e+12
2.35968e+09 1.51198e+12
2.40338e+09 1.56794e+12
2.44708e+09 1.62488e+12
2.49078e+09 1.6828e+12
2.53448e+09 1.7417e+12
2.57817e+09 1.80158e+12
2.62187e+09 1.86244e+12
2.66557e+09 1.92427e+12
2.70927e+09 1.98707e+12
2.75297e+09 2.05084e+12
2.79666e+09 2.11558e+12
2.84036e+09 2.18128e+12
2.88406e+09 2.24794e+12
2.92776e+09 2.31556e+12
2.97146e+09 2.38413e+12
3.01515e+09 2.45366e+12
3.05885e+09 2.52414e+12
3.10255e+09 2.59556e+12
3.14625e+09 2.66793e+12
3.18994e+09 2.74125e+12
3.23364e+09 2.8155e+12
3.27734e+09 2.89068e+12
3.32104e+09 2.9668e+12
3.36474e+09 3.04385e+12
3.40843e+09 3.12183e+12
3.45213e+09 3.20073e+12
3.49583e+09 3.28055e+12
3.53953e+09 3.36128e+12
3.58323e+09 3.44294e+12
3.62692e+09 3.5255e+12
3.67062e+09 3.60897e+12
3.71432e+09 3.69334e+12
3.75802e+09 3.77862e+12
3.80171e+09 3.8648e+12
3.84541e+09 3.95187e+12
3.88911e+09 4.03983e+12
3.93281e+09 4.12867e+12
3.97651e+09 4.2184e+12
4.0202e+09 4.30902e+12
4.0639e+09 4.40051e+12
4.1076e+09 4.49287e+12
4.1513e+09 4.5861e+12
4.195e+09 4.6802e+12
4.23869e+09 4.77516e+12
4.28239e+09 4.87098e+12
4.32609e+09 4.96765e+12
4.36979e+09 5.06518e+12
4.41348e+09 5.16355e+12
4.45718e+09 5.26276e+12
4.50088e+09 5.36282e+12
4.54458e+09 5.46371e+12
4.58828e+09 5.56543e+12
4.63197e+09 5.66797e+12
4.67567e+09 5.77134e+12
4.71937e+09 5.87554e+12
4.76307e+09 5.98054e+12
4.80677e+09 6.08636e+12
4.85046e+09 6.19298e+12
4.89416e+09 6.30041e+12
4.93786e+09 6.40863e+12
4.98156e+09 6.51765e+12
5.02525e+09 6.62746e+12
5.06895e+09 6.73805e+12
5.11265e+09 6.84942e+12
5.15635e+09 6.96157e+12
5.20005e+09 7.0745e+12
5.24374e+09 7.18819e+12
5.28744e+09 7.30264e+12
5.33114e+09 7.41785e+12
5.37484e+09 7.53382e+12
5.41854e+09 7.65054e+12
5.46223e+09 7.768e+12
5.50593e+09 7.8862e+12
5.54963e+09 8.00514e+12
5.59333e+09 8.12481e+12
5.63702e+09 8.2452e+12
5.68072e+09 8.36632e+12
5.72442e+09 8.48815e+12
5.76812e+09 8.61069e+12
5.81182e+09 8.73395e+12
5.85551e+09 8.8579e+12
5.89921e+09 8.98255e+12
5.94291e+09 9.1079e+12
5.98661e+09 9.23393e+12
6.03031e+09 9.36064e+12
6.074e+09 9.48803e+12
6.1177e+09 9.6161e+12
6.1614e+09 9.74483e+12
6.2051e+09 9.87422e+12
6.2488e+09 1.00043e+13
6.29249e+09 1.0135e+13
6.33619e+09 1.02663e+13
6.37989e+09 1.03983e+13
6.42359e+09 1.05309e+13
6.46728e+09 1.06642e+13
6.51098e+09 1.07981e+13
6.55468e+09 1.09326e+13
6.59838e+09 1.10677e+13
6.64208e+09 1.12034e+13
6.68577e+09 1.13398e+13
6.72947e+09 1.14767e+13
6.77317e+09 1.16143e+13
6.81687e+09 1.17524e+13
6.86057e+09 1.18911e+13
6.90426e+09 1.20303e+13
6.94796e+09 1.21702e+13
6.99166e+09 1.23106e+13
7.03536e+09 1.24516e+13
7.07905e+09 1.25931e+13
7.12275e+09 1.27352e+13
7.16645e+09 1.28778e+13
7.21015e+09 1.3021e+13
7.25385e+09 1.31647e+13
7.29754e+09 1.33089e+13
7.34124e+09 1.34537e+13
7.38494e+09 1.35989e+13
7.42864e+09 1.37447e+13
7.47234e+09 1.3891e+13
7.51603e+09 1.40378e+13
7.55973e+09 1.41851e+13
7.60343e+09 1.43328e+13
7.64713e+09 1.4481e+13
7.69082e+09 1.46298e+13
7.73452e+09 1.47789e+13
7.77822e+09 1.49286e+13
7.82192e+09 1.50787e+13
7.86562e+09 1.52293e+13
7.90931e+09 1.53803e+13
7.95301e+09 1.55317e+13
7.99671e+09 1.56836e+13
8.04041e+09 1.58359e+13
8.08411e+09 1.59886e+13
8.1278e+09 1.61417e+13
8.1715e+09 1.62953e+13
8.2152e+09 1.64493e+13
8.2589e+09 1.66036e+13
8.30259e+09 1.67584e+13
8.34629e+09 1.69135e+13
8.38999e+09 1.7069e+13
8.43369e+09 1.72249e+13
8.47739e+09 1.73811e+13
8.52108e+09 1.75377e+13
8.56478e+09 1.76947e+13
8.60848e+09 1.7852e+13
8.65218e+09 1.80097e+13
8.69588e+09 1.81677e+13
8.73957e+09 1.8326e+13
8.78327e+09 1.84846e+13
8.82697e+09 1.86436e+13
8.87067e+09 1.88029e+13
8.91437e+09 1.89624e+13
8.95806e+09 1.91223e+13
9.00176e+09 1.92825e+13
9.04546e+09 1.94429e+13
9.08916e+09 1.96037e+13
9.13285e+09 1.97647e+13
9.17655e+09 1.99259e+13
9.22025e+09 2.00875e+13
9.26395e+09 2.02493e+13
9.30765e+09 2.04113e+13
9.35134e+09 2.05736e+13
9.39504e+09 2.07361e+13
9.43874e+09 2.08988e+13
9.48244e+09 2.10618e+13
9.52614e+09 2.1225e+13
9.56983e+09 2.13884e+13
9.61353e+09 2.1552e+13
9.65723e+09 2.17157e+13
9.70093e+09 2.18797e+13
9.74462e+09 2.20439e+13
9.78832e+09 2.22082e+13
9.83202e+09 2.23727e+13
9.87572e+09 2.25374e+13
9.91942e+09 2.27022e+13
9.96311e+09 2.28672e+13
1.00068e+10 2.30323e+13
1.00505e+10 2.31976e+13
1.00942e+10 2.3363e+13
1.01379e+10 2.35285e+13
1.01816e+10 2.36941e+13
1.02253e+10 2.38599e+13
1.0269e+10 2.40257e+13
1.03127e+10 2.41916e+13
1.03564e+10 2.43577e+13
1.04001e+10 2.45238e+13
1.04438e+10 2.469e+13
1.04875e+10 2.48563e+13
1.05312e+10 2.50226e+13
1.05749e+10 2.5189e+13
1.06186e+10 2.53555e+13
1.06623e+10 2.5522e+13
1.0706e+10 2.56885e+13
1.07497e+10 2.58551e+13
1.07934e+10 2.60217e+13
1.08371e+10 2.61883e+13
1.08808e+10 2.6355e+13
1.09245e+10 2.65216e+13
1.09682e+10 2.66882e+13
1.10119e+10 2.68549e+13
1.10556e+10 2.70215e+13
1.10993e+10 2.71881e+13
1.1143e+10 2.73547e+13
1.11867e+10 2.75212e+13
1.12304e+10 2.76877e+13
1.1274e+10 2.78542e+13
1.13177e+10 2.80206e+13
1.13614e+10 2.81869e+13
1.14051e+10 2.83532e+13
1.14488e+10 2.85194e+13
1.14925e+10 2.86855e+13
1.15362e+10 2.88516e+13
1.15799e+10 2.90175e+13
1.16236e+10 2.91834e+13
1.16673e+10 2.93491e+13
1.1711e+10 2.95147e+13
1.17547e+10 2.96803e+13
1.17984e+10 2.98456e+13
1.18421e+10 3.00109e+13
1.18858e+10 3.0176e+13
1.19295e+10 3.0341e+13
1.19732e+10 3.05058e+13
1.20169e+10 3.06705e+13
1.20606e+10 3.0835e+13
1.21043e+10 3.09993e+13
1.2148e+10 3.11635e+13
1.21917e+10 3.13275e+13
1.22354e+10 3.14913e+13
1.22791e+10 3.16548e+13
1.23228e+10 3.18182e+13
1.23665e+10 3.19814e+13
1.24102e+10 3.21444e+13
1.24539e+10 3.23071e+13
1.24976e+10 3.24696e+13
1.25413e+10 3.26319e+13
1.2585e+10 3.27939e+13
1.26287e+10 3.29557e+13
1.26724e+10 3.31173e+13
1.27161e+10 3.32785e+13
1.27598e+10 3.34395e+13
1.28035e+10 3.36003e+13
1.28472e+10 3.37607e+13
1.28909e+10 3.39209e+13
1.29346e+10 3.40808e+13
1.29783e+10 3.42404e+13
1.3022e+10 3.43996e+13
1.30657e+10 3.45586e+13
1.31094e+10 3.47172e+13
1.31531e+10 3.48756e+13
1.31968e+10 3.50335e+13
1.32405e+10 3.51912e+13
1.32842e+10 3.53485e+13
1.33278e+10 3.55055e+13
1.33715e+10 3.56621e+13
1.34152e+10 3.58183e+13
1.34589e+10 3.59742e+13
1.35026e+10 3.61297e+13
1.35463e+10 3.62849e+13
1.359e+10 3.64396e+13
1.36337e+10 3.6594e+13
1.36774e+10 3.67479e+13
1.37211e+10 3.69015e+13
1.37648e+10 3.70546e+13
1.38085e+10 3.72073e+13
1.38522e+10 3.73596e+13
1.38959e+10 3.75115e+13
1.39396e+10 3.7663e+13
1.39833e+10 3.7814e+13
1.4027e+10 3.79645e+13
1.40707e+10 3.81146e+13
1.41144e+10 3.82643e+13
1.41581e+10 3.84134e+13
1.42018e+10 3.85622e+13
1.42455e+10 3.87104e+13
1.42892e+10 3.88582e+13
1.43329e+10 3.90054e+13
1.43766e+10 3.91522e+13
1.44203e+10 3.92985e+13
1.4464e+10 3.94443e+13
1.45077e+10 3.95895e+13
1.45514e+10 3.97343e+13
1.45951e+10 3.98785e+13
1.46388e+10 4.00222e+13
1.46825e+10 4.01654e+13
1.47262e+10 4.0308e+13
1.47699e+10 4.04501e+13
1.48136e+10 4.05916e+13
1.48573e+10 4.07326e+13
1.4901e+10 4.0873e+13
1.49447e+10 4.10129e+13
1.49884e+10 4.11521e+13
1.50321e+10 4.12908e+13
1.50758e+10 4.1429e+13
1.51195e+10 4.15665e+13
1.51632e+10 4.17034e+13
1.52069e+10 4.18398e+13
1.52506e+10 4.19755e+13
1.52943e+10 4.21106e+13
1.5338e+10 4.22451e+13
1.53816e+10 4.2379e+13
1.54253e+10 4.25123e+13
1.5469e+10 4.26449e+13
1.55127e+10 4.27769e+13
1.55564e+10 4.29082e+13
1.56001e+10 4.30389e+13
1.56438e+10 4.3169e+13
1.56875e+10 4.32984e+13
1.57312e+10 4.34271e+13
1.57749e+10 4.35552e+13
1.58186e+10 4.36826e+13
1.58623e+10 4.38093e+13
1.5906e+10 4.39353e+13
1.59497e+10 4.40607e+13
1.59934e+10 4.41853e+13
1.60371e+10 4.43093e+13
1.60808e+10 4.44325e+13
1.61245e+10 4.45551e+13
1.61682e+10 4.46769e+13
1.62119e+10 4.4798e+13
1.62556e+10 4.49184e+13
1.62993e+10 4.50381e+13
1.6343e+10 4.5157e+13
1.63867e+10 4.52752e+13
1.64304e+10 4.53927e+13
1.64741e+10 4.55094e+13
1.65178e+10 4.56254e+13
1.65615e+10 4.57406e+13
1.66052e+10 4.5855e+13
1.66489e+10 4.59687e+13
1.66926e+10 4.60816e+13
1.67363e+10 4.61938e+13
1.678e+10 4.63052e+13
1.68237e+10 4.64158e+13
1.68674e+10 4.65256e+13
1.69111e+10 4.66346e+13
1.69548e+10 4.67428e+13
1.69985e+10 4.68502e+13
1.70422e+10 4.69569e+13
1.70859e+10 4.70627e+13
1.71296e+10 4.71677e+13
1.71733e+10 4.72719e+13
1.7217e+10 4.73752e+13
1.72607e+10 4.74778e+13
1.73044e+10 4.75795e+13
1.73481e+10 4.76804e+13
1.73918e+10 4.77804e+13
1.74354e+10 4.78797e+13
1.74791e+10 4.7978e+13
1.75228e+10 4.80756e+13
1.75665e+10 4.81722e+13
1.76102e+10 4.8268e+13
1.76539e+10 4.8363e+13
1.76976e+10 4.84571e+13
1.77413e+10 4.85503e+13
1.7785e+10 4.86427e+13
1.78287e+10 4.87342e+13
1.78724e+10 4.88248e+13
1.79161e+10 4.89145e+13
1.79598e+10 4.90034e+13
1.80035e+10 4.90913e+13
1.80472e+10 4.91784e+13
1.80909e+10 4.92646e+13
1.81346e+10 4.93499e+13
1.81783e+10 4.94342e+13
1.8222e+10 4.95177e+13
1.82657e+10 4.96003e+13
1.83094e+10 4.96819e+13
1.83531e+10 4.97627e+13
1.83968e+10 4.98425e+13
1.84405e+10 4.99214e+13
1.84842e+10 4.99994e+13
1.85279e+10 5.00764e+13
1.85716e+10 5.01525e+13
1.86153e+10 5.02277e+13
1.8659e+10 5.0302e+13
1.87027e+10 5.03753e+13
1.87464e+10 5.04476e+13
1.87901e+10 5.05191e+13
1.88338e+10 5.05895e+13
1.88775e+10 5.06591e+13
1.89212e+10 5.07276e+13
1.89649e+10 5.07953e+13
1.90086e+10 5.08619e+13
1.90523e+10 5.09276e+13
1.9096e+10 5.09924e+13
1.91397e+10 5.10561e+13
1.91834e+10 5.11189e+13
1.92271e+10 5.11808e+13
1.92708e+10 5.12416e+13
1.93145e+10 5.13015e+13
1.93582e+10 5.13604e+13
1.94019e+10 5.14183e+13
1.94456e+10 5.14753e+13
1.94892e+10 5.15312e+13
1.95329e+10 5.15862e+13
1.95766e+10 5.16402e+13
1.96203e+10 5.16932e+13
1.9664e+10 5.17451e+13
1.97077e+10 5.17961e+13
1.97514e+10 5.18461e+13
1.97951e+10 5.18951e+13
1.98388e+10 5.19431e+13
1.98825e+10 5.19901e+13
1.99262e+10 5.20361e+13
1.99699e+10 5.20811e+13
2.00136e+10 5.21251e+13
2.00573e+10 5.2168e+13
2.0101e+10 5.221e+13
2.01447e+10 5.22509e+13
2.01884e+10 5.22908e+13
2.02321e+10 5.23297e+13
2.02758e+10 5.23676e+13
2.03195e+10 5.24045e+13
2.03632e+10 5.24403e+13
2.04069e+10 5.24751e+13
2.04506e+10 5.25089e+13
2.04943e+10 5.25417e+13
2.0538e+10 5.25734e+13
2.05817e+10 5.26041e+13
2.06254e+10 5.26338e+13
2.06691e+10 5.26625e+13
2.07128e+10 5.26901e+13
2.07565e+10 5.27167e+13
2.08002e+10 5.27422e+13
2.08439e+10 5.27668e+13
2.08876e+10 5.27902e+13
2.09313e+10 5.28127e+13
2.0975e+10 5.28341e+13
2.10187e+10 5.28544e+13
2.10624e+10 5.28738e+13
2.11061e+10 5.28921e+13
2.11498e+10 5.29093e+13
2.11935e+10 5.29255e+13
2.12372e+10 5.29407e+13
2.12809e+10 5.29548e+13
2.13246e+10 5.29679e+13
2.13683e+10 5.29799e+13
2.1412e+10 5.29909e+13
2.14557e+10 5.30008e+13
2.14994e+10 5.30097e+13
2.1543e+10 5.30176e+13
2.15867e+10 5.30244e+13
2.16304e+10 5.30301e+13
2.16741e+10 5.30348e+13
2.17178e+10 5.30385e+13
2.17615e+10 5.30411e+13
2.18052e+10 5.30427e+13
2.18489e+10 5.30432e+13
