0 4.635485777e-299
93411407.49 4.635485777e-299
186822815 4.635485777e-299
280234222.5 4.635485777e-299
373645630 4.635485777e-299
467057037.5 4.635485777e-299
560468445 4.635485777e-299
653879852.5 4.635485777e-299
747291259.9 4.635485777e-299
840702667.4 4.635485777e-299
934114074.9 4.635485777e-299
1027525482 4.635485777e-299
1120936890 4.635485777e-299
1214348297 4.635485777e-299
1307759705 4.635485777e-299
1401171112 4.635485777e-299
1494582520 4.635485777e-299
1587993927 4.635485777e-299
1681405335 4.635485777e-299
1774816742 4.635485777e-299
1868228150 4.635485777e-299
1961639557 4.635485777e-299
2055050965 4.635485777e-299
2148462372 4.635485777e-299
2241873780 4.635485777e-299
2335285187 4.635485777e-299
2428696595 4.635485777e-299
2522108002 4.635485777e-299
2615519410 4.635485777e-299
2708930817 4.635485777e-299
2802342225 4.635485777e-299
2895753632 4.635485777e-299
2989165040 4.635485777e-299
3082576447 4.635485777e-299
3175987855 4.635485777e-299
3269399262 4.635485777e-299
3362810670 4.635485777e-299
3456222077 4.635485777e-299
3549633485 4.635485777e-299
3643044892 4.635485777e-299
3736456300 4.635485777e-299
3829867707 4.635485777e-299
3923279115 4.635485777e-299
4016690522 4.635485777e-299
4110101930 4.635485777e-299
4203513337 4.635485777e-299
4296924745 4.635485777e-299
4390336152 4.635485777e-299
4483747560 4.635485777e-299
4577158967 4.635485777e-299
4670570375 4.635485777e-299
4763981782 4.635485777e-299
4857393190 4.635485777e-299
4950804597 4.635485777e-299
5044216005 4.635485777e-299
5137627412 4.635485777e-299
5231038820 4.635485777e-299
5324450227 4.635485777e-299
5417861635 4.635485777e-299
5511273042 4.635485777e-299
5604684450 4.635485777e-299
5698095857 4.635485777e-299
5791507265 4.635485777e-299
5884918672 4.635485777e-299
5978330080 4.635485777e-299
6071741487 4.635485777e-299
6165152895 4.635485777e-299
6258564302 4.635485777e-299
6351975710 4.635485777e-299
6445387117 4.635485777e-299
6538798525 4.635485777e-299
6632209932 4.635485777e-299
6725621340 4.635485777e-299
6819032747 4.635485777e-299
6912444154 4.635485777e-299
7005855562 4.635485777e-299
7099266969 4.635485777e-299
7192678377 4.635485777e-299
7286089784 4.635485777e-299
7379501192 4.635485777e-299
7472912599 4.635485777e-299
7566324007 4.635485777e-299
7659735414 4.635485777e-299
7753146822 4.635485777e-299
7846558229 4.635485777e-299
7939969637 4.635485777e-299
8033381044 4.635485777e-299
8126792452 4.635485777e-299
8220203859 4.635485777e-299
8313615267 4.635485777e-299
8407026674 1.333333333e+11
8500438082 1.333333333e+11
8593849489 1.333333333e+11
8687260897 1.333333333e+11
8780672304 1.333333333e+11
8874083712 6.666666667e+10
8967495119 6.666666667e+10
9060906527 6.666666667e+10
9154317934 1.333333333e+11
9247729342 1.333333333e+11
9341140749 6.666666667e+10
